55,0,1,1
62,1,2,1
71,2,3,1
69,3,4,1
71,4,5,1
62,5,6,1
71,6,7,1
62,7,8,1
55,8,9,1
62,9,10,1
71,10,11,1
69,11,12,1
71,12,13,1
62,13,14,1
71,14,15,1
62,15,16,1
55,16,17,1
64,17,18,1
72,18,19,1
71,19,20,1
72,20,21,1
64,21,22,1
72,22,23,1
64,23,24,1
55,24,25,1
64,25,26,1
72,26,27,1
71,27,28,1
72,28,29,1
64,29,30,1
72,30,31,1
64,31,32,1
55,32,33,1
66,33,34,1
72,34,35,1
71,35,36,1
72,36,37,1
66,37,38,1
72,38,39,1
66,39,40,1
55,40,41,1
66,41,42,1
72,42,43,1
71,43,44,1
72,44,45,1
66,45,46,1
72,46,47,1
66,47,48,1
55,48,49,1
67,49,50,1
71,50,51,1
69,51,52,1
71,52,53,1
67,53,54,1
71,54,55,1
67,55,56,1
55,56,57,1
67,57,58,1
71,58,59,1
69,59,60,1
71,60,61,1
67,61,62,1
71,62,63,1
66,63,64,1
55,64,65,1
64,65,66,1
71,66,67,1
69,67,68,1
71,68,69,1
67,69,70,1
66,70,71,1
67,71,72,1
64,72,73,1
67,73,74,1
66,74,75,1
67,75,76,1
59,76,77,1
62,77,78,1
61,78,79,1
59,79,80,1
61,80,81,1
67,81,82,1
69,82,83,1
67,83,84,1
69,84,85,1
67,85,86,1
69,86,87,1
67,87,88,1
61,88,89,1
67,89,90,1
69,90,91,1
67,91,92,1
69,92,93,1
67,93,94,1
69,94,95,1
67,95,96,1
66,96,97,1
69,97,98,1
74,98,99,1
73,99,100,1
74,100,101,1
69,101,102,1
67,102,103,1
69,103,104,1
66,104,105,1
69,105,106,1
67,106,107,1
69,107,108,1
62,108,109,1
66,109,110,1
64,110,111,1
62,111,112,1
52,112,113,1
59,113,114,1
67,114,115,1
66,115,116,1
67,116,117,1
59,117,118,1
67,118,119,1
59,119,120,1
52,120,121,1
59,121,122,1
67,122,123,1
66,123,124,1
67,124,125,1
59,125,126,1
67,126,127,1
59,127,128,1
52,128,129,1
61,129,130,1
62,130,131,1
64,131,132,1
62,132,133,1
61,133,134,1
59,134,135,1
57,135,136,1
67,136,137,1
66,137,138,1
64,138,139,1
74,139,140,1
73,140,141,1
71,141,142,1
69,142,143,1
67,143,144,1
66,144,145,1
64,145,146,1
62,146,147,1
74,147,148,1
69,148,149,1
74,149,150,1
66,150,151,1
69,151,152,1
62,152,153,1
64,153,154,1
66,154,155,1
69,155,156,1
67,156,157,1
66,157,158,1
64,158,159,1
62,159,160,1
68,160,161,1
62,161,162,1
65,162,163,1
64,163,164,1
65,164,165,1
62,165,166,1
68,166,167,1
62,167,168,1
71,168,169,1
62,169,170,1
65,170,171,1
64,171,172,1
65,172,173,1
62,173,174,1
68,174,175,1
62,175,176,1
60,176,177,1
64,177,178,1
69,178,179,1
71,179,180,1
72,180,181,1
69,181,182,1
64,182,183,1
62,183,184,1
60,184,185,1
64,185,186,1
69,186,187,1
71,187,188,1
72,188,189,1
69,189,190,1
66,190,191,1
64,191,192,1
63,192,193,1
66,193,194,1
63,194,195,1
66,195,196,1
69,196,197,1
66,197,198,1
69,198,199,1
66,199,200,1
63,200,201,1
66,201,202,1
63,202,203,1
66,203,204,1
69,204,205,1
66,205,206,1
69,206,207,1
66,207,208,1
67,208,209,1
66,209,210,1
64,210,211,1
67,211,212,1
66,212,213,1
67,213,214,1
69,214,215,1
66,215,216,1
67,216,217,1
66,217,218,1
64,218,219,1
62,219,220,1
60,220,221,1
59,221,222,1
57,222,223,1
55,223,224,1
54,224,225,1
60,225,226,1
62,226,227,1
60,227,228,1
62,228,229,1
60,229,230,1
62,230,231,1
60,231,232,1
54,232,233,1
60,233,234,1
62,234,235,1
60,235,236,1
62,236,237,1
60,237,238,1
62,238,239,1
60,239,240,1
55,240,241,1
59,241,242,1
65,242,243,1
64,243,244,1
65,244,245,1
59,245,246,1
65,246,247,1
59,247,248,1
55,248,249,1
59,249,250,1
65,250,251,1
64,251,252,1
65,252,253,1
59,253,254,1
65,254,255,1
59,255,256,1
55,256,257,1
60,257,258,1
64,258,259,1
62,259,260,1
64,260,261,1
60,261,262,1
64,262,263,1
60,263,264,1
55,264,265,1
60,265,266,1
64,266,267,1
62,267,268,1
64,268,269,1
60,269,270,1
64,270,271,1
60,271,272,1
55,272,273,1
66,273,274,1
72,274,275,1
71,275,276,1
72,276,277,1
66,277,278,1
72,278,279,1
66,279,280,1
55,280,281,1
66,281,282,1
72,282,283,1
71,283,284,1
72,284,285,1
66,285,286,1
72,286,287,1
66,287,288,1
55,288,289,1
62,289,290,1
71,290,291,1
69,291,292,1
71,292,293,1
67,293,294,1
66,294,295,1
64,295,296,1
62,296,297,1
60,297,298,1
59,298,299,1
57,299,300,1
55,300,301,1
54,301,302,1
52,302,303,1
50,303,304,1
49,304,305,1
57,305,306,1
64,306,307,1
66,307,308,1
67,308,309,1
64,309,310,1
66,310,311,1
67,311,312,1
49,312,313,1
57,313,314,1
64,314,315,1
66,315,316,1
67,316,317,1
64,317,318,1
66,318,319,1
67,319,320,1
48,320,321,1
57,321,322,1
62,322,323,1
64,323,324,1
66,324,325,1
62,325,326,1
64,326,327,1
66,327,328,1
48,328,329,1
57,329,330,1
62,330,331,1
64,331,332,1
66,332,333,1
62,333,334,1
64,334,335,1
66,335,336,1
48,336,337,1
57,337,338,1
62,338,339,1
66,339,340,1
69,340,341,1
73,341,342,1
74,342,354,1
57,352,353,1
59,353,354,1
60,354,355,1
62,355,356,1
64,356,357,1
66,357,358,1
67,358,359,1
69,359,360,1
66,360,361,1
62,361,362,1
64,362,363,1
66,363,364,1
67,364,366,1
69,366,367,1
71,367,368,1
72,368,369,1
69,369,370,1
66,370,371,1
67,371,372,1
69,372,373,1
71,373,374,1
72,374,375,1
74,375,376,1
75,376,377,1
74,377,378,1
73,378,379,1
74,379,380,1
74,380,381,1
72,381,382,1
71,382,383,1
72,383,384,1
72,384,385,1
69,385,386,1
66,386,387,1
64,387,388,1
62,388,389,1
57,389,390,1
59,390,391,1
60,391,393,1
50,393,394,1
57,394,395,1
62,395,396,1
66,396,397,1
69,397,398,1
71,398,399,1
72,399,400,1
69,400,401,1
71,401,402,1
67,402,403,1
62,403,404,1
60,404,405,1
59,405,406,1
55,406,407,1
57,407,408,1
59,408,409,1
50,409,410,1
55,410,411,1
59,411,412,1
62,412,413,1
67,413,414,1
69,414,415,1
71,415,416,1
67,416,417,1
73,417,418,1
71,418,420,1
69,420,421,1
70,421,422,1
70,422,423,1
69,423,424,1
68,424,425,1
69,425,426,1
69,426,427,1
67,427,428,1
66,428,429,1
67,429,430,1
67,430,431,1
64,431,432,1
61,432,433,1
59,433,434,1
57,434,435,1
61,435,436,1
64,436,437,1
67,437,438,1
69,438,439,1
73,439,440,1
74,440,441,1
73,441,442,1
74,442,443,1
69,443,444,1
66,444,446,1
64,446,447,1
66,447,448,1
69,448,449,1
62,449,450,1
66,450,451,1
57,451,452,1
62,452,453,1
61,453,454,1
59,454,455,1
57,455,456,1
55,456,457,1
54,457,458,1
52,458,459,1
50,459,461,1
72,461,462,1
71,462,463,1
69,463,464,1
67,464,465,1
66,465,466,1
64,466,467,1
62,467,468,1
72,468,469,1
71,469,470,1
69,470,471,1
67,471,473,1
66,473,474,1
64,474,475,1
62,475,476,1
60,476,477,1
71,477,478,1
69,478,479,1
67,479,480,1
66,480,481,1
64,481,482,1
62,482,483,1
60,483,484,1
59,484,485,1
69,485,486,1
67,486,487,1
66,487,488,1
64,488,489,1
62,489,490,1
60,490,491,1
59,491,492,1
57,492,493,1
67,493,494,1
66,494,495,1
64,495,496,1
66,496,497,1
62,498,500,1
64,501,502,1
66,503,504,1
67,505,506,1
64,507,508,1
66,509,510,1
62,511,512,1
67,513,514,1
64,515,516,1
66,517,518,1
62,519,520,1
67,521,522,1
64,523,524,1
66,526,527,1
62,528,529,1
64,530,531,1
66,532,533,1
67,534,535,1
69,536,537,1
71,538,539,1
62,540,541,1
69,542,543,1
71,544,545,1
72,546,547,1
62,548,549,1
71,550,551,1
72,553,554,1
74,555,556,1
71,557,558,1
72,559,560,1
71,561,562,1
72,563,564,1
69,565,566,1
71,567,568,1
69,569,570,1
71,571,572,1
67,573,574,1
69,575,576,1
67,577,578,1
69,580,581,1
66,582,583,1
67,584,585,1
66,586,587,1
67,588,589,1
64,590,591,1
66,592,593,1
62,594,595,1
64,595,596,1
65,596,597,1
66,598,599,1
67,600,601,1
68,602,603,1
69,604,606,1
70,607,608,1
71,609,610,1
72,611,612,1
73,613,614,1
74,615,616,1
75,617,618,1
76,619,620,1
77,621,622,1
78,623,624,1
79,625,626,1
71,626,627,1
62,627,628,1
71,628,629,1
79,629,630,1
71,630,631,1
79,631,633,1
71,633,634,1
79,634,635,1
71,635,636,1
62,636,637,1
71,637,638,1
79,638,639,1
71,639,640,1
79,640,641,1
71,641,642,1
79,642,643,1
69,643,644,1
62,644,645,1
69,645,646,1
79,646,647,1
69,647,648,1
79,648,649,1
69,649,650,1
79,650,651,1
69,651,652,1
62,652,653,1
69,653,654,1
79,654,655,1
69,655,656,1
79,656,657,1
69,657,658,1
78,658,660,1
72,660,661,1
62,661,662,1
72,662,663,1
78,663,664,1
72,664,665,1
78,665,666,1
72,666,667,1
78,667,668,1
72,668,669,1
62,669,670,1
72,670,671,1
78,671,672,1
72,672,673,1
78,673,674,1
72,674,675,1
79,675,692,1
57,485,486,2
57,487,488,2
57,489,490,2
57,491,492,2
57,493,494,2
57,495,496,2
57,497,499,2
57,500,501,2
57,502,503,2
57,504,505,2
57,506,507,2
57,508,509,2
57,510,511,2
57,512,513,2
57,514,515,2
57,516,517,2
57,518,519,2
57,520,521,2
57,522,523,2
57,524,526,2
57,527,528,2
57,529,530,2
57,531,532,2
57,533,534,2
57,535,536,2
57,537,538,2
57,539,540,2
57,541,542,2
57,543,544,2
57,545,546,2
57,547,548,2
57,549,550,2
57,551,553,2
57,554,555,2
57,556,557,2
57,558,559,2
57,560,561,2
57,562,563,2
57,564,565,2
57,566,567,2
57,568,569,2
57,570,571,2
57,572,573,2
57,574,575,2
57,576,577,2
57,579,580,2
57,581,582,2
50,585,586,2
50,587,588,2
50,589,590,2
50,591,592,2
50,593,594,2
50,595,596,2
50,597,598,2
50,599,600,2
50,601,602,2
50,603,604,2
50,606,607,2
50,608,609,2
50,610,611,2
50,612,613,2
59,663,679,2
