69,0,5,1
67,10,15,1
69,20,38,1
67,70,75,1
65,80,85,1
64,90,95,1
62,100,105,1
61,110,120,1
62,130,150,1
57,160,162,1
55,170,172,1
57,180,193,1
52,230,233,1
53,250,253,1
49,270,273,1
50,290,295,1
69,320,323,1
67,330,333,1
69,340,413,1
67,390,395,1
65,400,405,1
64,410,415,1
62,420,425,1
61,430,440,1
62,450,470,1
50,480,512,1
61,496,512,1
64,512,528,1
67,528,544,1
70,544,560,1
73,560,576,1
76,576,591,1
50,592,624,1
62,608,624,1
64,612,616,1
66,616,624,1
49,640,660,1
50,660,673,1
52,673,687,1
49,687,700,1
50,700,713,1
52,713,727,1
49,727,740,1
50,740,753,1
52,753,767,1
49,767,780,1
50,780,800,1
52,800,820,1
53,820,833,1
55,833,847,1
52,847,860,1
53,860,873,1
55,873,887,1
52,887,900,1
53,900,913,1
55,913,927,1
52,927,940,1
53,940,960,1
55,960,980,1
57,980,993,1
58,993,1007,1
55,1007,1020,1
57,1020,1033,1
58,1033,1047,1
55,1047,1060,1
57,1060,1073,1
58,1073,1087,1
55,1087,1100,1
57,1100,1120,1
61,1120,1140,1
62,1140,1153,1
64,1153,1166,1
61,1166,1180,1
62,1180,1193,1
64,1193,1206,1
61,1206,1220,1
62,1220,1233,1
64,1233,1246,1
61,1246,1260,1
62,1260,1280,1
64,1280,1300,1
65,1300,1313,1
67,1313,1326,1
64,1326,1340,1
65,1340,1353,1
67,1353,1366,1
64,1366,1380,1
65,1380,1393,1
67,1393,1406,1
64,1406,1420,1
65,1420,1440,1
67,1440,1460,1
69,1460,1473,1
70,1473,1486,1
67,1486,1500,1
69,1500,1513,1
70,1513,1526,1
67,1526,1540,1
69,1540,1553,1
70,1553,1566,1
67,1566,1580,1
69,1580,1600,1
69,1600,1620,1
67,1620,1633,1
70,1633,1646,1
64,1646,1660,1
67,1660,1673,1
70,1673,1686,1
64,1686,1700,1
65,1700,1713,1
69,1713,1726,1
62,1726,1740,1
65,1740,1753,1
69,1753,1766,1
62,1766,1780,1
64,1780,1793,1
67,1793,1806,1
60,1806,1820,1
64,1820,1833,1
67,1833,1846,1
60,1846,1860,1
62,1860,1873,1
65,1873,1886,1
58,1886,1900,1
62,1900,1913,1
65,1913,1926,1
58,1926,1940,1
60,1940,1953,1
64,1953,1966,1
57,1966,1980,1
60,1980,1993,1
64,1993,2006,1
57,2006,2020,1
58,2020,2033,1
62,2033,2046,1
55,2046,2060,1
58,2060,2073,1
62,2073,2086,1
55,2086,2100,1
57,2100,2113,1
60,2113,2126,1
53,2126,2140,1
57,2140,2153,1
60,2153,2166,1
53,2166,2180,1
55,2180,2193,1
58,2193,2206,1
52,2206,2220,1
55,2220,2233,1
58,2233,2246,1
52,2246,2260,1
53,2260,2273,1
57,2273,2286,1
50,2286,2300,1
53,2300,2313,1
57,2313,2326,1
50,2326,2340,1
52,2340,2353,1
55,2353,2366,1
49,2366,2380,1
52,2380,2393,1
55,2393,2406,1
69,2400,2420,1
74,2420,2440,1
69,2430,2450,1
76,2440,2460,1
69,2450,2470,1
77,2460,2480,1
69,2470,2490,1
74,2480,2500,1
69,2490,2510,1
76,2500,2520,1
69,2510,2530,1
77,2520,2540,1
69,2530,2550,1
79,2540,2560,1
69,2550,2570,1
76,2560,2580,1
69,2570,2580,1
77,2580,2600,1
69,2590,2610,1
79,2600,2620,1
69,2610,2630,1
81,2620,2640,1
69,2630,2650,1
77,2640,2660,1
69,2650,2670,1
79,2660,2680,1
69,2670,2690,1
81,2680,2700,1
69,2690,2710,1
82,2700,2720,1
69,2710,2730,1
79,2720,2740,1
69,2730,2750,1
81,2740,2760,1
69,2750,2770,1
77,2760,2780,1
69,2770,2790,1
79,2780,2800,1
69,2790,2810,1
76,2800,2820,1
69,2810,2830,1
77,2820,2840,1
69,2830,2850,1
74,2840,2860,1
69,2850,2870,1
76,2860,2880,1
69,2870,2890,1
73,2880,2900,1
69,2890,2900,1
74,2900,2920,1
69,2910,2930,1
69,2920,2940,1
69,2930,2950,1
70,2940,2960,1
69,2950,2970,1
67,2960,2980,1
69,2970,2990,1
69,2980,3000,1
69,2990,3010,1
65,3000,3020,1
69,3010,3030,1
67,3020,3040,1
69,3030,3050,1
64,3040,3060,1
69,3050,3070,1
65,3060,3080,1
69,3070,3090,1
62,3080,3100,1
69,3090,3110,1
64,3100,3120,1
69,3110,3130,1
61,3120,3140,1
69,3130,3150,1
65,3140,3160,1
69,3150,3170,1
62,3160,3180,1
69,3170,3190,1
64,3180,3200,1
69,3190,3210,1
61,3200,3220,1
69,3210,3220,1
62,3220,3240,1
69,3230,3250,1
57,3240,3260,1
69,3250,3270,1
58,3260,3280,1
69,3270,3290,1
55,3280,3300,1
69,3290,3310,1
57,3300,3320,1
69,3310,3330,1
53,3320,3340,1
69,3330,3350,1
55,3340,3360,1
69,3350,3370,1
52,3360,3380,1
69,3370,3390,1
53,3380,3400,1
69,3390,3410,1
50,3400,3420,1
69,3410,3430,1
55,3420,3440,1
69,3430,3450,1
52,3440,3460,1
69,3450,3470,1
53,3460,3480,1
69,3470,3490,1
50,3480,3500,1
69,3490,3510,1
52,3500,3520,1
69,3510,3530,1
62,3520,3530,1
65,3530,3540,1
70,3540,3550,1
65,3550,3560,1
60,3560,3570,1
64,3570,3580,1
69,3580,3590,1
64,3590,3600,1
58,3600,3610,1
62,3610,3620,1
67,3620,3630,1
62,3630,3640,1
57,3640,3650,1
61,3650,3660,1
64,3660,3670,1
69,3670,3680,1
50,3680,3720,1
65,3700,3720,1
48,3720,3760,1
64,3740,3760,1
46,3760,3800,1
62,3780,3800,1
45,3800,3840,1
62,3840,3850,1
65,3850,3860,1
70,3860,3870,1
65,3870,3880,1
60,3880,3890,1
64,3890,3900,1
69,3900,3910,1
64,3910,3920,1
58,3920,3930,1
62,3930,3940,1
67,3940,3950,1
62,3950,3960,1
57,3960,3970,1
61,3970,3980,1
64,3980,3990,1
69,3990,4000,1
50,4000,4040,1
65,4020,4040,1
48,4040,4080,1
64,4060,4080,1
46,4080,4120,1
62,4100,4120,1
45,4120,4200,1
67,4160,4170,1
65,4170,4180,1
64,4180,4190,1
62,4190,4200,1
61,4200,4210,1
59,4210,4220,1
61,4220,4230,1
57,4230,4240,1
59,4240,4250,1
61,4250,4260,1
62,4260,4270,1
64,4270,4280,1
65,4280,4290,1
67,4290,4300,1
69,4300,4310,1
67,4310,4320,1
65,4320,4330,1
64,4330,4340,1
65,4340,4350,1
62,4350,4360,1
65,4360,4370,1
69,4370,4380,1
73,4380,4390,1
74,4390,4400,1
69,4400,4410,1
71,4410,4420,1
73,4420,4430,1
74,4430,4440,1
76,4440,4450,1
77,4450,4455,1
79,4455,4460,1
81,4460,4470,1
82,4470,4510,1
50,4480,4520,1
77,4500,4520,1
48,4520,4560,1
76,4540,4560,1
46,4560,4600,1
74,4580,4600,1
45,4600,4640,1
74,4640,4650,1
77,4650,4660,1
82,4660,4670,1
77,4670,4680,1
72,4680,4690,1
76,4690,4700,1
81,4700,4710,1
76,4710,4720,1
70,4720,4730,1
74,4730,4740,1
79,4740,4750,1
74,4750,4760,1
69,4760,4770,1
73,4770,4780,1
76,4780,4790,1
81,4790,4800,1
50,4800,4840,1
77,4820,4840,1
48,4840,4880,1
76,4860,4880,1
46,4880,4920,1
74,4900,4920,1
45,4920,4960,1
44,4960,5000,1
43,5000,5080,1
71,5020,5040,1
69,5040,5060,1
73,5060,5080,1
76,5080,5090,1
79,5090,5100,1
82,5100,5166,1
81,5166,5200,1
79,5200,5233,1
77,5233,5266,1
76,5266,5300,1
77,5300,5333,1
76,5333,5366,1
74,5366,5400,1
73,5400,5433,1
74,5433,5466,1
72,5466,5500,1
70,5500,5533,1
69,5533,5566,1
67,5566,5600,1
65,5600,5633,1
64,5633,5666,1
62,5666,5700,1
55,5700,6233,1
67,6238,6244,1
64,6244,6249,1
61,6249,6254,1
64,6254,6260,1
61,6260,6265,1
64,6265,6270,1
67,6270,6276,1
64,6276,6281,1
61,6281,6286,1
64,6286,6292,1
61,6292,6297,1
64,6297,6302,1
67,6302,6308,1
64,6308,6313,1
61,6313,6318,1
64,6318,6324,1
61,6324,6329,1
64,6329,6334,1
67,6334,6340,1
64,6340,6345,1
61,6345,6350,1
64,6350,6356,1
61,6356,6361,1
58,6361,6366,1
61,6366,6372,1
58,6372,6377,1
55,6377,6382,1
58,6382,6388,1
55,6388,6393,1
58,6393,6398,1
61,6398,6404,1
58,6404,6409,1
55,6409,6414,1
58,6414,6420,1
55,6420,6425,1
58,6425,6430,1
61,6430,6436,1
58,6436,6441,1
55,6441,6446,1
58,6446,6452,1
55,6452,6457,1
58,6457,6462,1
61,6462,6468,1
58,6468,6473,1
55,6473,6478,1
58,6478,6484,1
55,6484,6489,1
52,6489,6494,1
55,6494,6500,1
52,6500,6505,1
49,6505,6510,1
52,6510,6516,1
49,6516,6521,1
52,6521,6526,1
55,6526,6532,1
52,6532,6537,1
49,6537,6542,1
52,6542,6548,1
49,6548,6553,1
52,6553,6558,1
55,6558,6564,1
52,6564,6569,1
49,6569,6574,1
52,6574,6580,1
49,6580,6585,1
52,6585,6590,1
55,6590,6596,1
52,6596,6601,1
49,6601,6606,1
52,6606,6612,1
49,6612,6617,1
52,6617,6622,1
55,6622,6628,1
52,6628,6633,1
55,6633,6638,1
58,6638,6644,1
55,6644,6649,1
52,6649,6654,1
55,6654,6660,1
52,6660,6665,1
55,6665,6670,1
58,6670,6676,1
55,6676,6681,1
52,6681,6686,1
55,6686,6692,1
52,6692,6697,1
55,6697,6702,1
58,6702,6708,1
55,6708,6713,1
52,6713,6718,1
55,6718,6724,1
52,6724,6729,1
55,6729,6734,1
58,6734,6740,1
55,6740,6745,1
52,6745,6750,1
55,6750,6756,1
52,6756,6761,1
52,6761,6766,1
55,6766,6772,1
52,6772,6777,1
58,6777,6782,1
61,6782,6788,1
58,6788,6793,1
58,6793,6798,1
61,6798,6804,1
58,6804,6809,1
64,6809,6814,1
61,6814,6820,1
64,6820,6825,1
61,6825,6830,1
64,6830,6836,1
61,6836,6841,1
64,6841,6846,1
61,6846,6852,1
64,6852,6857,1
61,6857,6862,1
64,6862,6868,1
61,6868,6873,1
55,6873,7140,1
53,7140,7179.9,1
58,7179.9,7239.9,1
57,7239.9,7249.9,1
55,7249.9,7260,1
57,7260,7290,1
52,7290,7299.9,1
53,7299.9,7309.9,1
50,7309.9,7320,1
52,7320,7329.9,1
49,7329.9,7339.9,1
50,7339.9,7350,1
47,7350,7359.9,1
49,7359.9,7369.9,1
45,7369.9,7380,1
46,7380,7389.9,1
44,7389.9,7399.9,1
45,7399.9,7410,1
55,7410,7419.9,1
53,7419.9,7440,1
50,7440,7459.9,1
45,7459.9,7500,1
61,7479.9,7500,1
55,7489.9,7519.9,1
38,7500,7579.9,1
53,7519.9,7530,1
52,7530,7539.9,1
53,7539.9,7579.9,1
69,7590,7599.9,1
67,7599.9,7609.9,1
69,7609.9,7620,1
65,7620,7629.9,1
69,7629.9,7639.9,1
64,7639.9,7650,1
69,7650,7659.9,1
62,7659.9,7669.9,1
69,7669.9,7680,1
61,7680,7689.9,1
69,7689.9,7699.9,1
62,7699.9,7710,1
69,7710,7719.9,1
64,7719.9,7729.9,1
69,7729.9,7740,1
65,7740,7749.9,1
69,7749.9,7759.9,1
57,7759.9,7770,1
69,7770,7779.9,1
59,7779.9,7789.9,1
69,7789.9,7800,1
61,7800,7809.9,1
69,7809.9,7819.9,1
62,7819.9,7830,1
69,7830,7839.9,1
61,7839.9,7849.9,1
69,7849.9,7860,1
62,7860,7869.9,1
69,7869.9,7879.9,1
64,7879.9,7890,1
69,7890,7899.9,1
65,7899.9,7920,1
74,7909.9,7920,1
66,7920,7939.9,1
74,7929.9,7939.9,1
67,7939.9,7959.9,1
74,7950,7959.9,1
60,7959.9,7980,1
74,7969.9,7980,1
58,7980,7999.9,1
74,7989.9,7999.9,1
57,7999.9,8019.9,1
74,8010,8019.9,1
58,8019.9,8040,1
74,8029.9,8040,1
60,8040,8059.9,1
74,8049.9,8059.9,1
62,8059.9,8079.9,1
74,8070,8079.9,1
54,8079.9,8100,1
74,8089.9,8100,1
55,8100,8119.9,1
74,8109.9,8119.9,1
57,8119.9,8139.9,1
74,8130,8139.9,1
58,8139.9,8160,1
74,8149.9,8160,1
57,8160,8179.9,1
74,8169.9,8179.9,1
58,8179.9,8199.9,1
74,8190,8199.9,1
54,8199.9,8220,1
74,8210,8220,1
55,8220,8229.9,1
67,8229.9,8240,1
55,8240,8250,1
67,8250,8259.9,1
62,8259.9,8270,1
67,8270,8280,1
62,8280,8289.9,1
67,8289.9,8300,1
60,8300,8310,1
63,8310,8319.9,1
60,8319.9,8330,1
63,8330,8340,1
60,8340,8349.9,1
63,8349.9,8360,1
60,8360,8370,1
63,8370,8379.9,1
60,8379.9,8390,1
65,8390,8400,1
60,8400,8409.9,1
65,8409.9,8420,1
60,8420,8430,1
65,8430,8439.9,1
60,8439.9,8450,1
65,8450,8460,1
58,8460,8469.9,1
62,8469.9,8480,1
58,8480,8490,1
62,8490,8499.9,1
58,8499.9,8510,1
62,8510,8520,1
58,8520,8529.9,1
62,8529.9,8540,1
58,8540,8550,1
64,8550,8559.9,1
58,8559.9,8570,1
64,8570,8580,1
58,8580,8589.9,1
64,8589.9,8600,1
58,8600,8610,1
64,8610,8619.9,1
57,8619.9,8630,1
61,8630,8640,1
57,8640,8649.9,1
61,8649.9,8660,1
57,8660,8670,1
61,8670,8679.9,1
57,8679.9,8690,1
61,8690,8700,1
53,8700,8709.9,1
62,8709.9,8720,1
53,8720,8730,1
62,8730,8739.9,1
53,8739.9,8750,1
62,8750,8760,1
53,8760,8769.9,1
62,8769.9,8780,1
52,8780,8790,1
58,8790,8799.9,1
52,8799.9,8810,1
58,8810,8820,1
52,8820,8829.9,1
58,8829.9,8840,1
52,8840,8850,1
58,8850,8859.9,1
50,8859.9,8870,1
57,8870,8880,1
50,8880,8889.9,1
57,8889.9,8900,1
50,8900,8910,1
57,8910,8919.9,1
50,8919.9,8930,1
57,8930,8940,1
52,8940,8949.9,1
55,8949.9,8960,1
52,8960,8970,1
55,8970,8979.9,1
52,8979.9,8990,1
55,8990,9000,1
52,9000,9009.9,1
55,9009.9,9020,1
53,9020,9039.9,1
81,9030,9039.9,1
52,9039.9,9060,1
81,9050,9060,1
50,9060,9080,1
81,9069.9,9080,1
55,9080,9099.9,1
81,9090,9099.9,1
53,9099.9,9120,1
81,9110,9120,1
52,9120,9140,1
81,9129.9,9140,1
53,9140,9159.9,1
81,9150,9159.9,1
49,9159.9,9180,1
81,9170,9180,1
50,9180,9200,1
81,9189.9,9200,1
49,9200,9219.9,1
81,9210,9219.9,1
50,9219.9,9240,1
81,9230,9240,1
52,9240,9260,1
81,9249.9,9260,1
53,9260,9279.9,1
81,9270,9279.9,1
52,9279.9,9300,1
81,9290,9300,1
53,9300,9320,1
81,9309.9,9320,1
49,9320,9339.9,1
81,9330,9339.9,1
50,9339.9,9380,1
81,9350,9360,1
76,9360,9369.9,1
81,9369.9,9380,1
53,9380,9420,1
81,9390,9399.9,1
72,9399.9,9410,1
81,9410,9420,1
55,9420,9459.9,1
81,9429.9,9440,1
72,9440,9450,1
81,9450,9459.9,1
74,9459.9,9470,1
79,9470,9480,1
70,9480,9489.9,1
79,9489.9,9500,1
48,9500,9540,1
79,9510,9519.9,1
74,9519.9,9530,1
79,9530,9540,1
52,9540,9579.9,1
79,9549.9,9560,1
70,9560,9570,1
79,9570,9579.9,1
53,9579.9,9620,1
79,9590,9600,1
70,9600,9609.9,1
79,9609.9,9620,1
72,9620,9630,1
77,9630,9639.9,1
69,9639.9,9650,1
77,9650,9660,1
46,9660,9699.9,1
77,9669.9,9680,1
72,9680,9690,1
77,9690,9699.9,1
50,9699.9,9740,1
77,9710,9720,1
69,9720,9729.9,1
77,9729.9,9740,1
52,9740,9780,1
77,9750,9759.9,1
69,9759.9,9770,1
77,9770,9780,1
70,9780,9789.9,1
76,9789.9,9800,1
67,9800,9810,1
76,9810,9819.9,1
45,9819.9,9860,1
76,9830,9840,1
70,9840,9849.9,1
76,9849.9,9860,1
49,9860,9900,1
76,9870,9879.9,1
67,9879.9,9890,1
76,9890,9900,1
50,9900,9939.9,1
76,9909.9,9920,1
67,9920,9930,1
76,9930,9939.9,1
69,9939.9,9950,1
74,9950,9960,1
53,9960,9980,1
74,9969.9,9980,1
58,9980,9999.9,1
76,9990,9999.9,1
58,9999.9,10020,1
76,10010,10020,1
57,10020,10040,1
74,10030,10040,1
57,10040,10060,1
74,10050,10060,1
55,10060,10100,1
73,10070,10080,1
70,10080,10090,1
73,10090,10100,1
69,10100,10110,1
74,10110,10120,1
57,10120,10140,1
74,10130,10140,1
58,10140,10160,1
76,10150,10160,1
58,10160,10180,1
76,10170,10180,1
57,10180,10200,1
74,10190,10200,1
57,10200,10220,1
74,10210,10220,1
56,10220,10260,1
74,10230,10240,1
73,10240,10250,1
74,10250,10260,1
71,10260,10270,1
74,10270,10280,1
73,10280,10290,1
71,10290,10300,1
73,10300,10340,1
69,10310,10320,1
67,10320,10330,1
69,10330,10340,1
64,10340,10350,1
67,10350,10360,1
65,10360,10370,1
64,10370,10380,1
65,10380,10420,1
74,10390,10400,1
73,10400,10410,1
74,10410,10420,1
62,10420,10460,1
74,10430,10440,1
73,10440,10450,1
71,10450,10460,1
57,10460,10470,1
69,10470,10480,1
67,10480,10490,1
69,10490,10500,1
61,10500,10510,1
67,10510,10520,1
65,10520,10530,1
64,10530,10540,1
65,10540,10580,1
62,10550,10560,1
61,10560,10570,1
62,10570,10580,1
57,10580,10590,1
57,10590,10600,1
55,10600,10610,1
57,10610,10620,1
54,10620,10630,1
62,10630,10640,1
61,10640,10650,1
62,10650,10660,1
55,10660,10670,1
65,10670,10680,1
63,10680,10690,1
62,10690,10700,1
61,10700,10710,1
64,10710,10720,1
57,10720,10730,1
61,10730,10740,1
50,10740,10750,1
63,10750,10760,1
62,10760,10770,1
60,10770,10780,1
59,10780,10790,1
62,10790,10800,1
55,10800,10810,1
59,10810,10820,1
48,10820,10830,1
62,10830,10840,1
60,10840,10850,1
58,10850,10860,1
57,10860,10870,1
60,10870,10880,1
54,10880,10890,1
57,10890,10900,1
50,10900,10910,1
60,10910,10920,1
58,10920,10930,1
57,10930,10940,1
58,10940,10950,1
69,10950,10960,1
67,10960,10970,1
66,10970,10980,1
67,10980,10990,1
58,10990,11000,1
57,11000,11010,1
55,11010,11020,1
62,11020,11060,1
50,11030,11040,1
48,11040,11050,1
50,11050,11060,1
46,11060,11070,1
50,11070,11080,1
45,11080,11090,1
50,11090,11100,1
43,11100,11110,1
50,11110,11120,1
42,11120,11130,1
50,11130,11140,1
43,11140,11150,1
50,11150,11160,1
45,11160,11170,1
50,11170,11180,1
46,11180,11190,1
50,11190,11200,1
38,11200,11210,1
50,11210,11220,1
40,11220,11230,1
50,11230,11240,1
42,11240,11250,1
50,11250,11260,1
43,11260,11270,1
50,11270,11280,1
42,11280,11290,1
50,11290,11300,1
43,11300,11310,1
50,11310,11320,1
45,11320,11330,1
50,11330,11340,1
46,11340,11380,1
70,11350,11360,1
69,11360,11370,1
70,11370,11380,1
67,11380,11390,1
69,11390,11400,1
47,11400,11420,1
67,11410,11420,1
48,11420,11460,1
72,11430,11440,1
70,11440,11450,1
72,11450,11460,1
69,11460,11470,1
70,11470,11480,1
49,11480,11500,1
69,11490,11500,1
50,11500,11540,1
74,11510,11520,1
72,11520,11530,1
74,11530,11540,1
70,11540,11550,1
72,11550,11560,1
50,11560,11580,1
70,11570,11580,1
52,11580,11620,1
76,11590,11600,1
74,11600,11610,1
76,11610,11620,1
72,11620,11630,1
74,11630,11640,1
52,11640,11660,1
72,11650,11660,1
53,11660,11680,1
75,11670,11680,1
45,11680,11700,1
72,11690,11700,1
46,11700,11720,1
69,11710,11720,1
50,11720,11740,1
65,11730,11740,1
43,11740,11780,1
70,11750,11760,1
67,11760,11770,1
65,11770,11780,1
64,11780,11790,1
67,11790,11800,1
46,11800,11840,1
62,11810,11820,1
60,11820,11830,1
62,11830,11840,1
45,11840,11860,1
65,11850,11860,1
43,11860,11880,1
74,11870,11880,1
48,11880,11900,1
70,11890,11900,1
41,11900,11940,1
60,11910,11920,1
58,11920,11930,1
60,11930,11940,1
57,11940,11950,1
60,11950,11960,1
55,11960,11970,1
60,11970,11980,1
53,11980,11990,1
60,11990,12000,1
52,12000,12010,1
60,12010,12020,1
53,12020,12030,1
60,12030,12040,1
55,12040,12050,1
60,12050,12060,1
57,12060,12070,1
60,12070,12080,1
48,12080,12090,1
60,12090,12100,1
50,12100,12110,1
60,12110,12120,1
52,12120,12130,1
60,12130,12140,1
53,12140,12150,1
60,12150,12160,1
52,12160,12170,1
60,12170,12180,1
53,12180,12190,1
60,12190,12200,1
55,12200,12210,1
60,12210,12220,1
57,12220,12260,1
70,12230,12240,1
69,12240,12250,1
67,12250,12260,1
65,12260,12270,1
63,12270,12280,1
62,12280,12290,1
60,12290,12300,1
58,12300,12320,1
72,12310,12320,1
70,12320,12330,1
69,12330,12340,1
67,12340,12350,1
65,12350,12360,1
64,12360,12370,1
62,12370,12380,1
60,12380,12400,1
74,12390,12400,1
72,12400,12410,1
70,12410,12420,1
69,12420,12430,1
67,12430,12440,1
65,12440,12450,1
64,12450,12460,1
62,12460,12480,1
76,12470,12480,1
74,12480,12490,1
72,12490,12500,1
70,12500,12510,1
69,12510,12520,1
67,12520,12530,1
65,12530,12540,1
64,12540,12560,1
77,12550,12560,1
76,12560,12570,1
74,12570,12580,1
72,12580,12590,1
70,12590,12600,1
69,12600,12610,1
67,12610,12620,1
65,12620,12640,1
77,12630,12640,1
76,12640,12650,1
77,12650,12660,1
72,12660,12670,1
77,12670,12680,1
76,12680,12690,1
77,12690,12700,1
65,12700,12720,1
77,12710,12720,1
76,12720,12730,1
77,12730,12740,1
72,12740,12750,1
77,12750,12760,1
76,12760,12770,1
77,12770,12780,1
64,12780,12800,1
76,12790,12800,1
74,12800,12810,1
76,12810,12820,1
72,12820,12830,1
76,12830,12840,1
74,12840,12850,1
76,12850,12860,1
64,12860,12880,1
76,12870,12880,1
74,12880,12890,1
76,12890,12900,1
72,12900,12910,1
76,12910,12920,1
74,12920,12930,1
76,12930,12940,1
65,12940,12960,1
77,12950,12960,1
76,12960,12970,1
77,12970,12980,1
72,12980,12990,1
77,12990,13000,1
76,13000,13010,1
77,13010,13020,1
65,13020,13040,1
77,13030,13040,1
76,13040,13050,1
77,13050,13060,1
72,13060,13070,1
77,13070,13080,1
76,13080,13090,1
77,13090,13100,1
64,13100,13120,1
76,13110,13120,1
74,13120,13130,1
76,13130,13140,1
72,13140,13150,1
76,13150,13160,1
74,13160,13170,1
76,13170,13180,1
64,13180,13200,1
76,13190,13200,1
74,13200,13210,1
76,13210,13220,1
72,13220,13230,1
76,13230,13240,1
74,13240,13250,1
76,13250,13260,1
62,13260,13280,1
79,13270,13280,1
77,13280,13290,1
76,13290,13300,1
74,13300,13310,1
72,13310,13320,1
71,13320,13330,1
69,13330,13340,1
71,13340,13350,1
67,13350,13360,1
71,13360,13370,1
74,13370,13380,1
77,13380,13390,1
81,13390,13400,1
77,13400,13410,1
74,13410,13420,1
71,13420,13430,1
67,13430,13440,1
71,13440,13450,1
74,13450,13460,1
77,13460,13470,1
81,13470,13480,1
77,13480,13490,1
74,13490,13500,1
70,13500,13510,1
67,13510,13520,1
70,13520,13530,1
72,13530,13540,1
76,13540,13550,1
79,13550,13560,1
76,13560,13570,1
72,13570,13580,1
70,13580,13590,1
67,13590,13600,1
70,13600,13610,1
72,13610,13620,1
76,13620,13630,1
79,13630,13640,1
76,13640,13650,1
72,13650,13660,1
69,13660,13670,1
65,13670,13680,1
69,13680,13690,1
72,13690,13700,1
74,13700,13710,1
77,13710,13720,1
74,13720,13730,1
70,13730,13740,1
69,13740,13750,1
65,13750,13760,1
69,13760,13770,1
70,13770,13780,1
74,13780,13790,1
77,13790,13800,1
74,13800,13810,1
70,13810,13820,1
67,13820,13830,1
64,13830,13840,1
67,13840,13850,1
70,13850,13860,1
73,13860,13870,1
76,13870,13880,1
73,13880,13890,1
70,13890,13900,1
67,13900,13910,1
64,13910,13920,1
67,13920,13930,1
70,13930,13940,1
73,13940,13950,1
76,13950,13960,1
73,13960,13970,1
70,13970,13980,1
69,13980,14000,1
81,13990,14000,1
73,14000,14020,1
81,14010,14020,1
74,14020,14040,1
81,14030,14040,1
67,14040,14060,1
81,14050,14060,1
65,14060,14080,1
81,14070,14080,1
69,14080,14100,1
81,14090,14100,1
71,14100,14120,1
81,14110,14120,1
73,14120,14140,1
81,14130,14140,1
74,14140,14160,1
81,14150,14160,1
69,14160,14170,1
81,14170,14180,1
71,14180,14190,1
81,14190,14200,1
73,14200,14210,1
81,14210,14220,1
74,14220,14230,1
81,14230,14240,1
73,14240,14250,1
81,14250,14260,1
74,14260,14280,1
69,14270,14280,1
67,14280,14290,1
69,14290,14300,1
74,14300,14320,1
66,14310,14320,1
64,14320,14330,1
66,14330,14340,1
67,14340,14360,1
62,14350,14360,1
60,14360,14370,1
62,14370,14380,1
58,14380,14390,1
60,14390,14400,1
58,14400,14410,1
57,14410,14420,1
55,14420,14430,1
53,14430,14440,1
52,14440,14450,1
50,14450,14460,1
49,14460,14470,1
45,14470,14480,1
49,14480,14490,1
52,14490,14500,1
55,14500,14510,1
58,14510,14520,1
55,14520,14530,1
52,14530,14540,1
49,14540,14550,1
45,14550,14560,1
49,14560,14570,1
52,14570,14580,1
55,14580,14590,1
58,14590,14600,1
55,14600,14610,1
52,14610,14620,1
50,14620,14630,1
45,14630,14640,1
50,14640,14650,1
53,14650,14660,1
57,14660,14670,1
62,14670,14680,1
57,14680,14690,1
53,14690,14700,1
50,14700,14710,1
45,14710,14720,1
50,14720,14730,1
53,14730,14740,1
57,14740,14750,1
62,14750,14760,1
57,14760,14770,1
53,14770,14780,1
49,14780,14790,1
45,14790,14800,1
49,14800,14810,1
52,14810,14820,1
55,14820,14830,1
58,14830,14840,1
55,14840,14850,1
52,14850,14860,1
49,14860,14870,1
45,14870,14880,1
49,14880,14890,1
52,14890,14900,1
55,14900,14910,1
58,14910,14920,1
55,14920,14930,1
52,14930,14940,1
50,14940,14950,1
45,14950,14960,1
50,14960,14970,1
53,14970,14980,1
57,14980,14990,1
62,14990,15000,1
57,15000,15010,1
53,15010,15020,1
50,15020,15030,1
45,15030,15040,1
50,15040,15050,1
53,15050,15060,1
57,15060,15070,1
62,15070,15080,1
57,15080,15090,1
53,15090,15100,1
52,15100,15110,1
49,15110,15120,1
52,15120,15130,1
55,15130,15140,1
58,15140,15150,1
61,15150,15160,1
58,15160,15170,1
55,15170,15180,1
52,15180,15190,1
49,15190,15200,1
52,15200,15210,1
55,15210,15220,1
58,15220,15230,1
61,15230,15240,1
58,15240,15250,1
55,15250,15260,1
53,15260,15270,1
50,15270,15280,1
53,15280,15290,1
57,15290,15300,1
62,15300,15310,1
65,15310,15320,1
62,15320,15330,1
57,15330,15340,1
53,15340,15350,1
50,15350,15360,1
53,15360,15370,1
57,15370,15380,1
62,15380,15390,1
65,15390,15400,1
62,15400,15410,1
57,15410,15420,1
52,15420,15430,1
49,15430,15440,1
52,15440,15450,1
55,15450,15460,1
58,15460,15470,1
61,15470,15480,1
58,15480,15490,1
55,15490,15500,1
52,15500,15510,1
49,15510,15520,1
52,15520,15530,1
55,15530,15540,1
58,15540,15550,1
61,15550,15560,1
58,15560,15570,1
55,15570,15580,1
53,15580,15590,1
50,15590,15600,1
53,15600,15610,1
57,15610,15620,1
62,15620,15630,1
65,15630,15640,1
62,15640,15650,1
57,15650,15660,1
53,15660,15670,1
50,15670,15680,1
53,15680,15690,1
57,15690,15700,1
62,15700,15710,1
65,15710,15720,1
62,15720,15730,1
57,15730,15740,1
55,15740,15750,1
52,15750,15760,1
55,15760,15770,1
58,15770,15780,1
61,15780,15790,1
64,15790,15800,1
61,15800,15810,1
58,15810,15820,1
55,15820,15830,1
52,15830,15840,1
55,15840,15850,1
58,15850,15860,1
61,15860,15870,1
64,15870,15880,1
61,15880,15890,1
58,15890,15900,1
57,15900,15910,1
53,15910,15920,1
57,15920,15930,1
61,15930,15940,1
62,15940,15950,1
65,15950,15960,1
62,15960,15970,1
57,15970,15980,1
58,15980,15990,1
62,15990,16000,1
58,16000,16010,1
55,16010,16020,1
53,16020,16030,1
57,16030,16040,1
53,16040,16050,1
50,16050,16060,1
45,16060,16070,1
50,16070,16080,1
45,16080,16090,1
41,16090,16100,1
38,16100,16110,1
50,16110,16120,1
49,16120,16130,1
47,16130,16140,1
49,16140,16150,1
58,16150,16160,1
57,16160,16170,1
55,16170,16180,1
53,16180,16190,1
55,16190,16200,1
53,16200,16210,1
52,16210,16220,1
50,16220,16230,1
58,16230,16240,1
57,16240,16250,1
55,16250,16260,1
53,16260,16270,1
55,16270,16280,1
53,16280,16290,1
52,16290,16300,1
50,16300,16310,1
52,16310,16315,1
53,16315,16320,1
55,16320,16325,1
57,16325,16330,1
59,16330,16335,1
61,16335,16340,1
62,16340,16350,1
65,16350,16360,1
64,16360,16370,1
62,16370,16380,1
57,16380,16390,1
59,16390,16395,1
61,16395,16400,1
62,16400,16405,1
64,16405,16410,1
65,16410,16415,1
67,16415,16420,1
69,16420,16430,1
67,16430,16440,1
65,16440,16450,1
64,16450,16460,1
65,16460,16480,1
75,16470,16475,1
74,16475,16480,1
72,16480,16485,1
70,16485,16490,1
69,16490,16495,1
67,16495,16500,1
66,16500,16520,1
63,16510,16520,1
62,16520,16530,1
60,16530,16540,1
58,16540,16560,1
55,16550,16560,1
53,16560,16570,1
55,16570,16580,1
51,16580,16590,1
55,16590,16600,1
50,16600,16610,1
55,16610,16620,1
48,16620,16630,1
67,16625,16630,1
55,16630,16640,1
68,16631,16635,1
67,16636,16641,1
47,16640,16650,1
68,16642,16646,1
67,16647,16651,1
55,16650,16660,1
68,16652,16657,1
67,16658,16662,1
48,16660,16670,1
68,16663,16667,1
67,16668,16672,1
55,16670,16680,1
68,16673,16677,1
67,16678,16683,1
50,16680,16690,1
68,16684,16688,1
67,16689,16693,1
55,16690,16700,1
68,16694,16698,1
67,16699,16703,1
51,16700,16710,1
68,16704,16708,1
67,16709,16713,1
55,16710,16720,1
68,16714,16717,1
67,16718,16722,1
43,16720,16730,1
68,16723,16727,1
67,16728,16732,1
55,16730,16740,1
68,16733,16737,1
67,16738,16741,1
45,16740,16750,1
68,16742,16746,1
67,16747,16751,1
55,16750,16760,1
68,16752,16755,1
67,16756,16760,1
47,16760,16770,1
68,16761,16764,1
67,16765,16769,1
55,16770,16780,1
67,16774,16778,1
68,16779,16783,1
48,16780,16790,1
67,16784,16787,1
68,16788,16792,1
55,16790,16800,1
67,16793,16796,1
68,16797,16801,1
47,16800,16810,1
67,16802,16805,1
68,16806,16810,1
55,16810,16820,1
67,16811,16814,1
68,16815,16819,1
67,16820,16823,1
48,16820,16830,1
68,16824,16828,1
67,16829,16832,1
55,16830,16840,1
68,16833,16837,1
67,16838,16842,1
50,16840,16850,1
68,16842,16846,1
67,16847,16851,1
55,16850,16860,1
68,16851,16855,1
67,16856,16860,1
51,16860,16880,1
79,16865,16870,1
67,16870,16880,1
80,16871,16875,1
79,16876,16880,1
50,16880,16900,1
80,16881,16886,1
79,16887,16891,1
67,16890,16900,1
80,16892,16896,1
79,16897,16901,1
48,16900,16920,1
80,16902,16906,1
79,16907,16910,1
67,16910,16920,1
80,16911,16915,1
79,16916,16920,1
47,16920,16940,1
80,16921,16925,1
79,16926,16929,1
67,16930,16940,1
80,16930,16934,1
79,16935,16938,1
80,16939,16943,1
48,16940,16960,1
79,16944,16947,1
80,16948,16952,1
67,16950,16960,1
79,16953,16956,1
80,16958,16961,1
50,16960,16980,1
79,16962,16966,1
80,16966,16970,1
67,16970,16980,1
79,16971,16975,1
80,16976,16979,1
51,16980,17000,1
79,16980,16984,1
80,16985,16988,1
79,16989,16993,1
67,16990,17000,1
80,16994,16997,1
79,16998,17002,1
53,17000,17020,1
80,17003,17006,1
79,17007,17011,1
67,17010,17020,1
80,17012,17015,1
79,17016,17020,1
55,17020,17040,1
80,17021,17025,1
79,17025,17029,1
67,17030,17040,1
79,17034,17038,1
80,17039,17043,1
47,17040,17060,1
79,17044,17047,1
80,17048,17052,1
67,17050,17060,1
79,17053,17056,1
80,17057,17061,1
48,17060,17080,1
79,17062,17065,1
80,17066,17070,1
67,17070,17080,1
79,17071,17074,1
80,17075,17079,1
79,17080,17083,1
50,17080,17100,1
80,17084,17088,1
79,17089,17092,1
67,17090,17100,1
80,17093,17097,1
79,17098,17102,1
51,17100,17120,1
80,17102,17106,1
79,17107,17111,1
67,17110,17120,1
80,17112,17115,1
79,17116,17120,1
50,17120,17140,1
80,17121,17124,1
79,17125,17129,1
80,17130,17133,1
67,17130,17140,1
79,17134,17138,1
80,17139,17142,1
51,17140,17160,1
79,17143,17147,1
80,17148,17151,1
67,17150,17160,1
79,17152,17156,1
80,17157,17160,1
53,17160,17180,1
79,17161,17165,1
80,17166,17169,1
67,17170,17180,1
79,17170,17174,1
80,17175,17179,1
79,17180,17183,1
55,17180,17200,1
80,17184,17188,1
79,17188,17190,1
79,17190,17200,1
47,17200,17220,1
79,17210,17220,1
48,17220,17240,1
68,17230,17240,1
50,17240,17260,1
67,17250,17260,1
51,17260,17280,1
77,17270,17280,1
45,17280,17300,1
77,17290,17300,1
46,17300,17320,1
67,17310,17320,1
48,17320,17340,1
65,17330,17340,1
50,17340,17360,1
75,17350,17360,1
43,17360,17380,1
75,17370,17380,1
45,17380,17400,1
65,17390,17400,1
46,17400,17420,1
63,17410,17420,1
48,17420,17440,1
74,17430,17440,1
50,17440,17460,1
74,17450,17460,1
55,17460,17480,1
69,17470,17480,1
50,17480,17500,1
67,17490,17500,1
51,17500,17520,1
67,17510,17520,1
46,17520,17540,1
67,17530,17540,1
45,17540,17560,1
67,17550,17560,1
48,17560,17580,1
64,17570,17580,1
50,17580,17770,1
62,17590,17600,1
60,17600,17610,1
62,17610,17620,1
58,17620,17630,1
62,17630,17640,1
57,17640,17650,1
62,17650,17660,1
55,17660,17670,1
62,17670,17680,1
54,17680,17690,1
62,17690,17700,1
55,17700,17710,1
62,17710,17720,1
57,17720,17730,1
62,17730,17740,1
58,17740,17750,1
62,17750,17760,1
50,17760,17940,1
62,17770,17780,1
52,17780,17790,1
62,17790,17800,1
54,17800,17810,1
62,17810,17820,1
55,17820,17830,1
62,17830,17840,1
54,17840,17850,1
62,17850,17860,1
55,17860,17870,1
62,17870,17880,1
57,17880,17890,1
62,17890,17900,1
58,17900,17920,1
72,17910,17920,1
57,17920,17940,1
69,17930,17940,1
55,17940,18020,1
69,17950,17960,1
43,17960,17980,1
67,17970,17980,1
48,17980,18000,1
70,17990,18000,1
45,18000,18020,1
74,18010,18020,1
50,18020,18040,1
74,18030,18040,1
38,18040,18060,1
74,18050,18060,1
43,18060,18100,1
72,18070,18080,1
57,18080,18100,1
70,18090,18100,1
58,18100,18110,1
57,18110,18120,1
43,18120,18140,1
53,18130,18140,1
48,18140,18200,1
75,18150,18160,1
63,18160,18180,1
79,18170,18180,1
62,18180,18220,1
79,18190,18200,1
47,18200,18220,1
79,18210,18220,1
48,18220,18260,1
77,18230,18240,1
62,18240,18260,1
75,18250,18260,1
63,18260,18270,1
65,18270,18280,1
62,18280,18290,1
63,18290,18300,1
60,18300,18310,1
63,18310,18320,1
62,18320,18330,1
65,18330,18340,1
67,18340,18350,1
65,18350,18360,1
63,18360,18370,1
65,18370,18380,1
62,18380,18390,1
58,18390,18400,1
63,18400,18410,1
62,18410,18420,1
61,18420,18430,1
57,18430,18440,1
61,18440,18450,1
60,18450,18460,1
59,18460,18470,1
55,18470,18480,1
60,18480,18490,1
58,18490,18500,1
57,18500,18510,1
53,18510,18520,1
58,18520,18530,1
61,18530,18540,1
60,18540,18550,1
62,18550,18560,1
60,18560,18570,1
58,18570,18580,1
57,18580,18590,1
60,18590,18600,1
58,18600,18610,1
57,18610,18620,1
55,18620,18630,1
60,18630,18640,1
58,18640,18650,1
57,18650,18660,1
58,18660,18670,1
60,18670,18680,1
58,18680,18690,1
57,18690,18700,1
55,18700,18710,1
57,18710,18720,1
53,18720,18730,1
55,18730,18740,1
52,18740,18780,1
70,18750,18760,1
69,18760,18770,1
67,18770,18780,1
54,18780,18820,1
63,18790,18800,1
62,18800,18810,1
60,18810,18820,1
50,18820,18860,1
60,18830,18840,1
58,18840,18850,1
57,18850,18860,1
55,18860,18900,1
65,18870,18880,1
63,18880,18890,1
62,18890,18900,1
57,18900,18910,1
58,18910,18920,1
57,18920,18930,1
55,18930,18940,1
53,18940,18950,1
55,18950,18960,1
52,18960,18970,1
57,18970,18980,1
50,18980,19020,1
67,18990,19000,1
69,19000,19010,1
65,19010,19020,1
67,19020,19030,1
69,19030,19040,1
67,19040,19050,1
69,19050,19060,1
70,19060,19070,1
69,19070,19080,1
67,19080,19090,1
69,19090,19100,1
65,19100,19110,1
67,19110,19120,1
64,19120,19130,1
65,19130,19140,1
62,19140,19150,1
60,19150,19160,1
58,19160,19170,1
57,19170,19180,1
58,19180,19190,1
57,19190,19200,1
55,19200,19210,1
53,19210,19220,1
52,19220,19230,1
53,19230,19240,1
52,19240,19250,1
50,19250,19260,1
49,19260,19270,1
45,19270,19280,1
50,19280,19290,1
45,19290,19300,1
52,19300,19310,1
45,19310,19320,1
53,19320,19330,1
45,19330,19340,1
55,19340,19350,1
45,19350,19360,1
53,19360,19370,1
45,19370,19380,1
52,19380,19390,1
45,19390,19400,1
50,19400,19410,1
45,19410,19420,1
49,19420,19430,1
57,19430,19440,1
45,19440,19450,1
57,19450,19460,1
50,19460,19470,1
57,19470,19480,1
53,19480,19490,1
62,19490,19500,1
55,19500,19510,1
62,19510,19520,1
52,19520,19530,1
61,19530,19540,1
53,19540,19550,1
62,19550,19560,1
50,19560,19570,1
62,19570,19580,1
57,19580,19770,1
69,19590,19600,1
67,19600,19610,1
69,19610,19620,1
65,19620,19630,1
69,19630,19640,1
64,19640,19650,1
69,19650,19660,1
62,19660,19670,1
69,19670,19680,1
61,19680,19690,1
69,19690,19700,1
62,19700,19710,1
69,19710,19720,1
64,19720,19730,1
69,19730,19740,1
65,19740,19750,1
69,19750,19760,1
57,19760,20240,1
69,19770,19780,1
59,19780,19790,1
69,19790,19800,1
61,19800,19810,1
69,19810,19820,1
62,19820,19830,1
69,19830,19840,1
61,19840,19850,1
69,19850,19860,1
62,19860,19870,1
69,19870,19880,1
64,19880,19890,1
69,19890,19900,1
65,19900,19920,1
82,19910,19920,1
64,19920,19940,1
81,19930,19940,1
62,19940,19960,1
79,19950,19960,1
67,19960,19980,1
77,19970,19980,1
65,19980,20000,1
69,19990,20000,1
64,20000,20020,1
69,20010,20020,1
65,20020,20040,1
69,20030,20040,1
61,20040,20060,1
69,20050,20060,1
62,20060,20080,1
69,20070,20080,1
61,20080,20100,1
69,20090,20100,1
62,20100,20120,1
69,20110,20120,1
59,20120,20140,1
69,20130,20140,1
61,20140,20160,1
69,20150,20160,1
67,20160,20180,1
69,20170,20180,1
65,20180,20200,1
69,20190,20200,1
62,20200,20220,1
69,20210,20220,1
61,20220,20260,1
57,20230,20260,1
55,20240,20250,1
57,20250,20260,1
53,20260,20270,1
57,20270,20280,1
52,20280,20290,1
57,20290,20300,1
50,20300,20310,1
57,20310,20320,1
49,20320,20330,1
57,20330,20340,1
50,20340,20350,1
57,20350,20360,1
52,20360,20370,1
57,20370,20380,1
53,20380,20390,1
57,20390,20400,1
45,20400,20410,1
57,20410,20420,1
47,20420,20430,1
57,20430,20440,1
49,20440,20450,1
57,20450,20460,1
50,20460,20470,1
57,20470,20480,1
49,20480,20490,1
57,20490,20500,1
50,20500,20510,1
57,20510,20520,1
52,20520,20530,1
57,20530,20540,1
53,20540,20580,1
67,20550,20560,1
65,20560,20570,1
64,20570,20580,1
65,20580,20590,1
61,20590,20600,1
53,20600,20620,1
77,20610,20620,1
55,20620,20640,1
77,20630,20640,1
52,20640,20660,1
81,20650,20660,1
57,20660,20680,1
81,20670,20680,1
45,20680,20700,1
81,20690,20700,1
50,20700,20740,1
69,20710,20720,1
71,20720,20730,1
73,20730,20740,1
74,20740,20750,1
76,20750,20760,1
45,20760,20780,1
75,20770,20780,1
46,20780,20800,1
72,20790,20800,1
43,20800,20820,1
69,20810,20820,1
48,20820,20840,1
69,20830,20840,1
36,20840,20860,1
72,20850,20860,1
41,20860,20900,1
60,20870,20880,1
57,20880,20890,1
53,20890,20900,1
57,20900,20910,1
60,20910,20920,1
45,20920,20940,1
60,20930,20940,1
46,20940,20980,1
58,20950,20960,1
55,20960,20970,1
50,20970,20980,1
55,20980,20990,1
58,20990,21000,1
46,21000,21020,1
67,21010,21020,1
48,21020,21060,1
62,21030,21040,1
58,21040,21050,1
60,21050,21060,1
57,21060,21070,1
55,21070,21080,1
45,21080,21100,1
52,21090,21100,1
50,21100,21120,1
50,21110,21140,1
54,21120,21130,1
55,21130,21140,1
57,21140,21150,1
62,21150,21160,1
57,21160,21170,1
55,21170,21180,1
50,21180,21200,1
50,21190,21220,1
54,21200,21210,1
55,21210,21220,1
57,21220,21230,1
62,21230,21240,1
57,21240,21250,1
54,21250,21260,1
50,21260,21280,1
50,21270,21300,1
55,21280,21290,1
57,21290,21300,1
58,21300,21310,1
62,21310,21320,1
58,21320,21330,1
57,21330,21340,1
50,21340,21360,1
50,21350,21380,1
55,21360,21370,1
57,21370,21380,1
58,21380,21390,1
62,21390,21400,1
60,21400,21410,1
58,21410,21420,1
50,21420,21460,1
54,21430,21440,1
57,21440,21450,1
58,21450,21460,1
60,21460,21470,1
63,21470,21480,1
60,21480,21490,1
58,21490,21500,1
50,21500,21540,1
54,21510,21520,1
57,21520,21530,1
58,21530,21540,1
60,21540,21550,1
63,21550,21560,1
60,21560,21570,1
58,21570,21580,1
50,21580,21620,1
58,21590,21600,1
62,21600,21610,1
66,21610,21620,1
67,21620,21630,1
70,21630,21640,1
67,21640,21650,1
62,21650,21660,1
50,21660,21700,1
55,21670,21680,1
58,21680,21690,1
62,21690,21700,1
67,21700,21710,1
70,21710,21720,1
67,21720,21730,1
62,21730,21740,1
50,21740,21780,1
57,21750,21760,1
60,21760,21770,1
63,21770,21780,1
66,21780,21790,1
69,21790,21800,1
66,21800,21810,1
63,21810,21820,1
50,21820,21860,1
57,21830,21840,1
60,21840,21850,1
63,21850,21860,1
66,21860,21870,1
69,21870,21880,1
66,21880,21890,1
63,21890,21900,1
54,21900,21920,1
50,21910,21920,1
48,21920,21930,1
50,21930,21940,1
46,21940,21950,1
50,21950,21960,1
45,21960,21970,1
50,21970,21980,1
43,21980,21990,1
55,21990,22000,1
53,22000,22010,1
55,22010,22020,1
51,22020,22030,1
55,22030,22040,1
50,22040,22050,1
55,22050,22060,1
48,22060,22070,1
48,22070,22080,1
46,22080,22090,1
48,22090,22100,1
45,22100,22110,1
48,22110,22120,1
43,22120,22130,1
48,22130,22140,1
41,22140,22150,1
53,22150,22160,1
51,22160,22170,1
53,22170,22180,1
50,22180,22190,1
53,22190,22200,1
48,22200,22210,1
53,22210,22220,1
46,22220,22240,1
67,22230,22240,1
51,22240,22260,1
63,22250,22260,1
53,22260,22280,1
63,22270,22280,1
41,22280,22300,1
60,22290,22300,1
43,22300,22320,1
63,22310,22320,1
48,22320,22340,1
60,22330,22340,1
50,22340,22360,1
60,22350,22360,1
38,22360,22380,1
57,22370,22380,1
43,22380,22420,1
57,22390,22400,1
55,22400,22410,1
53,22410,22420,1
52,22420,22440,1
45,22430,22440,1
43,22440,22450,1
45,22450,22460,1
41,22460,22480,1
59,22470,22480,1
38,22480,22500,1
62,22490,22500,1
45,22500,22540,1
65,22510,22520,1
67,22520,22530,1
69,22530,22540,1
38,22540,22780,1
69,22560,22570,1
67,22570,22580,1
65,22580,22590,1
69,22590,22600,1
64,22600,22610,1
69,22610,22620,1
62,22620,22630,1
69,22630,22640,1
61,22640,22650,1
69,22650,22660,1
62,22660,22670,1
69,22670,22680,1
64,22680,22690,1
69,22690,22700,1
65,22700,22710,1
69,22710,22720,1
57,22720,22730,1
69,22730,22740,1
59,22740,22750,1
69,22750,22760,1
61,22760,22770,1
69,22770,22780,1
62,22780,22790,1
69,22790,22800,1
61,22800,22810,1
69,22810,22820,1
62,22820,22830,1
69,22830,22840,1
50,22840,22860,1
69,22850,22860,1
45,22860,22880,1
41,22880,22900,1
43,22900,22920,1
45,22920,22940,1
41,22940,22960,1
38,22960,22980,1
43,22980,23000,1
45,23000,23020,1
46,23020,23091,1
77,23096,23102,1
79,23102,23106,1
81,23106,23111,1
82,23111,23116,1
69,23116,23121,1
70,23121,23126,1
72,23126,23132,1
74,23132,23136,1
72,23136,23141,1
74,23141,23146,1
75,23146,23151,1
77,23151,23156,1
65,23156,23162,1
67,23162,23166,1
69,23166,23171,1
70,23171,23176,1
69,23176,23181,1
70,23181,23186,1
72,23186,23192,1
74,23192,23196,1
69,23196,23201,1
67,23201,23206,1
65,23206,23211,1
63,23211,23216,1
67,23216,23222,1
69,23222,23226,1
70,23226,23231,1
72,23231,23236,1
67,23236,23241,1
65,23241,23246,1
63,23246,23252,1
62,23252,23256,1
65,23256,23261,1
67,23261,23266,1
69,23266,23271,1
70,23271,23276,1
57,23276,23282,1
58,23282,23286,1
60,23286,23291,1
62,23291,23296,1
60,23296,23301,1
62,23301,23306,1
63,23306,23312,1
65,23312,23316,1
53,23316,23321,1
55,23321,23326,1
57,23326,23331,1
58,23331,23336,1
57,23336,23342,1
58,23342,23346,1
60,23346,23351,1
62,23351,23356,1
60,23356,23361,1
58,23361,23366,1
57,23366,23372,1
55,23372,23376,1
58,23376,23381,1
60,23381,23386,1
62,23386,23391,1
63,23391,23396,1
62,23396,23402,1
60,23402,23406,1
58,23406,23411,1
57,23411,23416,1
60,23416,23421,1
62,23421,23426,1
64,23426,23432,1
66,23432,23436,1
63,23436,23441,1
62,23441,23446,1
60,23446,23451,1
58,23451,23456,1
66,23456,23462,1
67,23462,23466,1
69,23466,23471,1
70,23471,23492,1
72,23476,23481,1
55,23481,23492,1
67,23486,23492,1
49,23492,23571,1
53,23571,23627,1
62,23612,23651,1
50,23631,23651,1
44,23651,23732,1
56,23741,23751,1
59,23751,23762,1
53,23762,23771,1
56,23771,23781,1
50,23781,23792,1
53,23792,23801,1
47,23801,23811,1
50,23811,23822,1
44,23822,23831,1
45,23831,23852,1
40,23852,24043,1
52,23871,23891,1
52,23891,24043,1
67,23951,23961,1
65,23961,23972,1
55,23972,24043,1
67,24044,24045,1
65,24045,24046,1
67,24046,24047,1
64,24047,24047,1
64,24047,24048,1
62,24048,24049,1
64,24049,24050,1
60,24050,24051,1
69,24051,24052,1
67,24052,24053,1
69,24053,24053,1
65,24053,24054,1
65,24054,24055,1
64,24055,24056,1
65,24056,24057,1
62,24057,24058,1
71,24058,24059,1
69,24059,24059,1
71,24059,24060,1
67,24060,24061,1
67,24061,24062,1
65,24062,24063,1
67,24063,24064,1
64,24064,24065,1
72,24065,24065,1
71,24065,24066,1
72,24066,24067,1
69,24067,24068,1
74,24068,24069,1
72,24069,24070,1
74,24070,24071,1
71,24071,24071,1
76,24071,24072,1
74,24072,24073,1
76,24073,24074,1
72,24074,24075,1
77,24075,24076,1
76,24076,24077,1
77,24077,24077,1
74,24077,24078,1
79,24078,24079,1
77,24079,24080,1
79,24080,24081,1
76,24081,24082,1
72,24082,24083,1
71,24083,24083,1
72,24083,24084,1
69,24084,24085,1
74,24085,24086,1
72,24086,24087,1
74,24087,24088,1
71,24088,24089,1
68,24089,24089,1
66,24089,24090,1
68,24090,24091,1
64,24091,24092,1
72,24092,24093,1
71,24093,24094,1
72,24094,24095,1
69,24095,24095,1
65,24095,24096,1
64,24096,24097,1
65,24097,24098,1
62,24098,24099,1
71,24099,24100,1
69,24100,24101,1
71,24101,24101,1
60,24101,24102,1
69,24102,24103,1
67,24103,24104,1
69,24104,24105,1
59,24105,24106,1
68,24106,24107,1
66,24107,24107,1
68,24107,24108,1
64,24108,24109,1
60,24109,24110,1
59,24110,24111,1
57,24111,24112,1
56,24112,24113,1
62,24113,24113,1
60,24113,24114,1
59,24114,24115,1
57,24115,24116,1
64,24116,24117,1
62,24117,24118,1
60,24118,24119,1
59,24119,24119,1
65,24119,24120,1
64,24120,24121,1
62,24121,24122,1
60,24122,24123,1
67,24123,24124,1
65,24124,24125,1
64,24125,24125,1
62,24125,24126,1
69,24126,24127,1
67,24127,24128,1
65,24128,24129,1
64,24129,24130,1
67,24130,24131,1
69,24131,24131,1
71,24131,24132,1
72,24132,24139,1
52,24136,24139,1
55,24139,24143,1
57,24143,24143,1
61,24143,24144,1
64,24144,24145,1
69,24145,24146,1
73,24146,24149,1
55,24149,24153,1
53,24153,24156,1
57,24156,24157,1
62,24157,24158,1
65,24158,24159,1
69,24159,24160,1
74,24160,24163,1
53,24163,24167,1
53,24167,24170,1
55,24170,24171,1
59,24171,24172,1
62,24172,24173,1
67,24173,24173,1
71,24173,24177,1
53,24177,24180,1
52,24180,24184,1
55,24184,24185,1
60,24185,24185,1
64,24185,24186,1
67,24186,24187,1
72,24187,24191,1
52,24191,24194,1
52,24194,24197,1
53,24197,24198,1
57,24198,24199,1
60,24199,24200,1
65,24200,24201,1
69,24201,24204,1
52,24204,24208,1
50,24208,24211,1
53,24211,24212,1
58,24212,24213,1
62,24213,24214,1
65,24214,24215,1
70,24215,24218,1
50,24218,24221,1
49,24221,24225,1
52,24225,24226,1
55,24226,24227,1
58,24227,24227,1
61,24227,24228,1
70,24228,24232,1
49,24232,24235,1
48,24235,24239,1
50,24239,24239,1
57,24239,24240,1
62,24240,24241,1
66,24241,24242,1
69,24242,24245,1
48,24245,24249,1
43,24249,24256,1
46,24256,24263,1
40,24263,24269,1
41,24269,24276,1
45,24276,24290,1
60,24283,24297,1
46,24290,24297,1
43,24297,24304,1
38,24304,24339,1
81,0,5,2
79,10,15,2
81,20,38,2
79,70,75,2
77,80,85,2
76,90,95,2
74,100,105,2
73,110,120,2
74,130,150,2
69,160,162,2
67,170,172,2
69,180,193,2
64,230,233,2
65,250,253,2
61,270,273,2
62,290,295,2
81,320,323,2
79,330,333,2
81,340,413,2
79,390,395,2
77,400,405,2
76,410,415,2
74,420,425,2
73,430,440,2
74,450,470,2
76,592,602,2
74,608,624,2
61,640,660,2
62,660,673,2
64,673,687,2
61,687,700,2
62,700,713,2
64,713,727,2
61,727,740,2
62,740,753,2
64,753,767,2
61,767,780,2
62,780,800,2
64,800,820,2
65,820,833,2
67,833,847,2
64,847,860,2
65,860,873,2
67,873,887,2
64,887,900,2
65,900,913,2
67,913,927,2
64,927,940,2
65,940,960,2
67,960,980,2
69,980,993,2
70,993,1007,2
67,1007,1020,2
69,1020,1033,2
70,1033,1047,2
67,1047,1060,2
69,1060,1073,2
70,1073,1087,2
67,1087,1100,2
69,1100,1120,2
73,1120,1140,2
74,1140,1153,2
76,1153,1166,2
73,1166,1180,2
74,1180,1193,2
76,1193,1206,2
73,1206,1220,2
74,1220,1233,2
76,1233,1246,2
73,1246,1260,2
74,1260,1280,2
76,1280,1300,2
77,1300,1313,2
79,1313,1326,2
76,1326,1340,2
77,1340,1353,2
79,1353,1366,2
76,1366,1380,2
77,1380,1393,2
79,1393,1406,2
76,1406,1420,2
77,1420,1440,2
79,1440,1460,2
81,1460,1473,2
82,1473,1486,2
79,1486,1500,2
81,1500,1513,2
82,1513,1526,2
79,1526,1540,2
81,1540,1553,2
82,1553,1566,2
79,1566,1580,2
81,1580,1600,2
81,1600,1620,2
79,1620,1633,2
82,1633,1646,2
76,1646,1660,2
79,1660,1673,2
82,1673,1686,2
76,1686,1700,2
77,1700,1713,2
81,1713,1726,2
74,1726,1740,2
77,1740,1753,2
81,1753,1766,2
74,1766,1780,2
76,1780,1793,2
79,1793,1806,2
72,1806,1820,2
76,1820,1833,2
79,1833,1846,2
72,1846,1860,2
74,1860,1873,2
77,1873,1886,2
70,1886,1900,2
74,1900,1913,2
77,1913,1926,2
70,1926,1940,2
72,1940,1953,2
76,1953,1966,2
69,1966,1980,2
72,1980,1993,2
76,1993,2006,2
69,2006,2020,2
70,2020,2033,2
74,2033,2046,2
67,2046,2060,2
70,2060,2073,2
74,2073,2086,2
67,2086,2100,2
69,2100,2113,2
72,2113,2126,2
65,2126,2140,2
69,2140,2153,2
72,2153,2166,2
65,2166,2180,2
67,2180,2193,2
70,2193,2206,2
64,2206,2220,2
67,2220,2233,2
70,2233,2246,2
64,2246,2260,2
65,2260,2273,2
69,2273,2286,2
62,2286,2300,2
65,2300,2313,2
69,2313,2326,2
62,2326,2340,2
64,2340,2353,2
67,2353,2366,2
61,2366,2380,2
64,2380,2393,2
67,2393,2406,2
62,3680,3700,2
70,3700,3720,2
57,3720,3740,2
69,3740,3760,2
58,3760,3780,2
67,3780,3800,2
69,3800,3840,2
62,4000,4020,2
70,4020,4040,2
57,4040,4060,2
69,4060,4080,2
58,4080,4100,2
67,4100,4120,2
69,4120,4210,2
74,4480,4500,2
82,4500,4520,2
69,4520,4540,2
81,4540,4560,2
70,4560,4580,2
79,4580,4600,2
81,4600,4640,2
74,4800,4820,2
82,4820,4840,2
69,4840,4860,2
81,4860,4880,2
70,4880,4900,2
79,4900,4920,2
81,4920,4960,2
71,4960,5000,2
73,5000,5060,2
76,5700,6233,2
76,6238,6244,2
73,6244,6249,2
70,6249,6254,2
73,6254,6260,2
70,6260,6265,2
73,6265,6270,2
76,6270,6276,2
73,6276,6281,2
70,6281,6286,2
73,6286,6292,2
70,6292,6297,2
73,6297,6302,2
76,6302,6308,2
73,6308,6313,2
70,6313,6318,2
73,6318,6324,2
70,6324,6329,2
73,6329,6334,2
76,6334,6340,2
73,6340,6345,2
70,6345,6350,2
73,6350,6356,2
70,6356,6361,2
67,6361,6366,2
70,6366,6372,2
67,6372,6377,2
64,6377,6382,2
67,6382,6388,2
64,6388,6393,2
67,6393,6398,2
70,6398,6404,2
67,6404,6409,2
64,6409,6414,2
67,6414,6420,2
64,6420,6425,2
67,6425,6430,2
70,6430,6436,2
67,6436,6441,2
64,6441,6446,2
67,6446,6452,2
64,6452,6457,2
67,6457,6462,2
70,6462,6468,2
67,6468,6473,2
64,6473,6478,2
67,6478,6484,2
64,6484,6489,2
61,6489,6494,2
64,6494,6500,2
61,6500,6505,2
58,6505,6510,2
61,6510,6516,2
58,6516,6521,2
61,6521,6526,2
64,6526,6532,2
61,6532,6537,2
58,6537,6542,2
61,6542,6548,2
58,6548,6553,2
61,6553,6558,2
64,6558,6564,2
61,6564,6569,2
58,6569,6574,2
61,6574,6580,2
58,6580,6585,2
61,6585,6590,2
64,6590,6596,2
61,6596,6601,2
58,6601,6606,2
61,6606,6612,2
58,6612,6617,2
61,6617,6622,2
64,6622,6628,2
61,6628,6633,2
64,6633,6638,2
67,6638,6644,2
64,6644,6649,2
61,6649,6654,2
64,6654,6660,2
61,6660,6665,2
64,6665,6670,2
67,6670,6676,2
64,6676,6681,2
61,6681,6686,2
64,6686,6692,2
61,6692,6697,2
64,6697,6702,2
67,6702,6708,2
64,6708,6713,2
61,6713,6718,2
64,6718,6724,2
61,6724,6729,2
64,6729,6734,2
67,6734,6740,2
64,6740,6745,2
67,6745,6750,2
70,6750,6756,2
67,6756,6761,2
70,6761,6766,2
67,6766,6772,2
70,6772,6777,2
67,6777,6782,2
70,6782,6788,2
67,6788,6793,2
70,6793,6798,2
67,6798,6804,2
70,6804,6809,2
73,6809,6814,2
70,6814,6820,2
73,6820,6825,2
76,6825,6830,2
73,6830,6836,2
76,6836,6841,2
73,6841,6846,2
76,6846,6852,2
73,6852,6857,2
76,6857,6862,2
73,6862,6868,2
76,6868,6873,2
81,6873,7140,2
81,7140,7179.9,2
79,7179.9,7219.9,2
79,7260,7299.9,2
73,7410,7419.9,2
74,7419.9,7440,2
65,7440,7459.9,2
64,7459.9,7500,2
62,7500,7579.9,2
72,7920,7929.9,2
70,7939.9,7950,2
69,7959.9,7969.9,2
67,7980,7989.9,2
66,7999.9,8010,2
67,8019.9,8029.9,2
69,8040,8049.9,2
70,8059.9,8070,2
62,8079.9,8089.9,2
64,8100,8109.9,2
66,8119.9,8130,2
67,8139.9,8149.9,2
66,8160,8169.9,2
67,8179.9,8190,2
69,8199.9,8210,2
70,8220,8229.8,2
74,8240,8249.9,2
70,8259.9,8269.8,2
74,8280,8289.8,2
75,8300,8319.9,2
67,8319.9,8340,2
75,8340,8360,2
67,8360,8379.9,2
72,8379.9,8400,2
69,8400,8420,2
72,8420,8439.9,2
69,8439.9,8460,2
74,8460,8480,2
65,8480,8499.9,2
74,8499.9,8520,2
65,8520,8540,2
70,8540,8559.9,2
67,8559.9,8580,2
70,8580,8600,2
67,8600,8619.9,2
73,8619.9,8629.8,2
64,8640,8649.8,2
73,8660,8669.9,2
64,8679.9,8689.8,2
69,8700,8709.8,2
65,8720,8729.9,2
69,8739.9,8749.8,2
65,8760,8769.8,2
67,8780,8789.9,2
61,8799.9,8809.8,2
67,8820,8829.8,2
61,8840,8849.9,2
65,8859.9,8869.8,2
62,8880,8889.8,2
65,8900,8909.9,2
62,8919.9,8929.8,2
64,8940,8949.8,2
58,8960,8969.9,2
64,8979.9,8989.8,2
58,9000,9009.8,2
57,9020,9039.9,2
79,9039.9,9050,2
77,9060,9069.9,2
76,9080,9090,2
74,9099.9,9110,2
73,9120,9129.9,2
74,9140,9150,2
76,9159.9,9170,2
77,9180,9189.9,2
69,9200,9210,2
71,9219.9,9230,2
73,9240,9249.9,2
74,9260,9270,2
73,9279.9,9290,2
74,9300,9309.9,2
76,9320,9330,2
77,9339.9,9350,2
74,9380,9390,2
70,9420,9429.9,2
76,9500,9510,2
72,9540,9549.9,2
69,9579.9,9590,2
74,9660,9669.9,2
70,9699.9,9710,2
67,9740,9750,2
73,9819.9,9830,2
69,9860,9870,2
65,9900,9909.9,2
65,9960,9969.9,2
64,9980,9990,2
64,9999.9,10010,2
65,10020,10030,2
65,10040,10050,2
70,10060,10070,2
65,10120,10130,2
64,10140,10150,2
64,10160,10170,2
65,10180,10190,2
65,10200,10210,2
64,10220,10260,2
77,10420,10430,2
73,10460,10500,2
76,10500,10560,2
74,10560,10600,2
64,10580,10620,2
73,10600,10620,2
72,10620,10660,2
69,10640,10680,2
70,10660,10700,2
67,10680,10740,2
69,10700,10740,2
69,10740,10780,2
67,10780,10820,2
67,10820,10860,2
66,10860,10880,2
69,10880,10920,2
66,10900,10920,2
75,10920,10940,2
74,10940,10980,2
70,10960,10970,2
69,10970,10980,2
70,10980,11000,2
79,11000,11040,2
69,11020,11060,2
78,11040,11060,2
79,11060,11100,2
72,11080,11100,2
70,11100,11120,2
74,11120,11140,2
74,11140,11160,2
74,11160,11180,2
74,11180,11200,2
74,11200,11220,2
74,11220,11240,2
74,11240,11260,2
74,11260,11280,2
74,11280,11300,2
74,11300,11320,2
74,11320,11340,2
74,11340,11350,2
79,11350,11360,2
77,11360,11370,2
79,11370,11380,2
76,11380,11390,2
77,11390,11400,2
74,11400,11410,2
76,11410,11420,2
72,11420,11430,2
81,11430,11440,2
79,11440,11450,2
81,11450,11460,2
77,11460,11470,2
79,11470,11480,2
76,11480,11490,2
77,11490,11500,2
74,11500,11510,2
82,11510,11520,2
81,11520,11530,2
82,11530,11540,2
79,11540,11550,2
81,11550,11560,2
77,11560,11570,2
79,11570,11580,2
76,11580,11590,2
84,11590,11600,2
82,11600,11610,2
84,11610,11620,2
81,11620,11630,2
82,11630,11640,2
79,11640,11650,2
81,11650,11660,2
77,11660,11670,2
74,11680,11690,2
74,11700,11710,2
72,11710,11720,2
70,11720,11730,2
69,11730,11740,2
70,11740,11750,2
74,11750,11760,2
70,11760,11770,2
69,11770,11780,2
67,11780,11790,2
70,11790,11800,2
67,11800,11810,2
65,11810,11820,2
64,11820,11830,2
65,11830,11840,2
67,11840,11850,2
69,11850,11860,2
70,11860,11870,2
72,11880,11890,2
69,11900,11940,2
72,11940,11960,2
70,11960,11980,2
69,11980,12000,2
67,12000,12020,2
69,12020,12040,2
70,12040,12060,2
72,12060,12080,2
64,12080,12100,2
65,12100,12120,2
67,12120,12140,2
69,12140,12160,2
67,12160,12180,2
69,12180,12200,2
70,12200,12220,2
72,12220,12230,2
74,12300,12310,2
76,12380,12390,2
77,12460,12470,2
79,12540,12550,2
81,12620,12630,2
72,12660,12680,2
81,12700,12710,2
72,12740,12760,2
79,12780,12790,2
72,12820,12840,2
79,12860,12870,2
72,12900,12920,2
81,12940,12950,2
72,12980,13000,2
81,13020,13030,2
72,13060,13080,2
79,13100,13110,2
72,13140,13160,2
79,13180,13190,2
72,13220,13240,2
77,13260,13270,2
79,14000,14010,2
77,14020,14030,2
76,14040,14050,2
74,14060,14070,2
73,14080,14090,2
74,14100,14110,2
76,14120,14130,2
77,14140,14150,2
73,14160,14180,2
74,14180,14200,2
76,14200,14220,2
77,14220,14240,2
76,14240,14260,2
77,14260,14280,2
76,14280,14300,2
74,14300,14320,2
72,14320,14340,2
70,14340,14360,2
69,14360,14380,2
70,14380,14390,2
69,14390,14400,2
67,14400,14410,2
65,14410,14420,2
64,14420,14430,2
62,14430,14440,2
61,14440,14450,2
59,14450,14460,2
57,14460,14470,2
69,16380,16390,2
76,16430,16440,2
74,16440,16450,2
73,16450,16460,2
74,16460,16470,2
69,16520,16560,2
67,16560,16580,2
72,16580,16600,2
71,16600,16620,2
75,16620,16640,2
74,16640,16660,2
75,16660,16680,2
71,16680,16700,2
72,16700,16720,2
71,16720,16740,2
72,16740,16760,2
74,16760,16780,2
68,16770,16774,2
75,16780,16800,2
74,16800,16820,2
75,16820,16840,2
77,16840,16860,2
80,16860,16864,2
65,16880,16890,2
63,16900,16910,2
62,16920,16930,2
60,16940,16950,2
59,16960,16970,2
60,16980,16990,2
62,17000,17010,2
63,17020,17030,2
80,17030,17034,2
55,17040,17050,2
57,17060,17070,2
59,17080,17090,2
60,17100,17110,2
59,17120,17130,2
60,17140,17150,2
62,17160,17170,2
63,17180,17200,2
77,17200,17210,2
75,17220,17230,2
77,17230,17240,2
74,17240,17250,2
75,17250,17260,2
72,17260,17270,2
75,17280,17290,2
74,17300,17310,2
75,17310,17320,2
72,17320,17330,2
74,17330,17340,2
70,17340,17350,2
74,17360,17370,2
72,17380,17390,2
74,17390,17400,2
70,17400,17410,2
72,17410,17420,2
69,17420,17430,2
72,17440,17450,2
70,17460,17470,2
72,17470,17480,2
69,17480,17490,2
70,17490,17500,2
67,17500,17510,2
70,17510,17520,2
69,17520,17530,2
70,17530,17540,2
72,17540,17550,2
70,17550,17560,2
69,17560,17570,2
67,17570,17580,2
66,17580,17600,2
69,17600,17620,2
74,17620,17630,2
67,17630,17640,2
72,17640,17650,2
66,17650,17660,2
70,17660,17670,2
67,17670,17680,2
74,17680,17690,2
69,17690,17700,2
70,17700,17710,2
67,17710,17720,2
69,17720,17730,2
66,17730,17740,2
67,17740,17750,2
74,17750,17760,2
66,17760,17770,2
74,17770,17780,2
67,17780,17790,2
74,17790,17800,2
69,17800,17810,2
74,17810,17820,2
70,17820,17830,2
67,17830,17840,2
74,17840,17850,2
69,17850,17860,2
70,17860,17870,2
67,17870,17880,2
72,17880,17890,2
69,17890,17900,2
74,17900,17910,2
70,17920,17930,2
70,17940,17950,2
70,17960,17970,2
69,17980,17990,2
72,18000,18010,2
75,18020,18030,2
72,18040,18050,2
70,18060,18070,2
69,18080,18090,2
67,18100,18120,2
71,18120,18140,2
72,18140,18150,2
77,18160,18170,2
80,18180,18190,2
77,18200,18210,2
75,18220,18230,2
74,18240,18250,2
72,18260,18280,2
70,18280,18300,2
69,18300,18320,2
70,18320,18360,2
69,18360,18400,2
67,18400,18440,2
66,18440,18460,2
65,18460,18480,2
63,18480,18520,2
62,18520,18530,2
70,18530,18540,2
69,18540,18550,2
70,18550,18560,2
69,18560,18570,2
67,18570,18580,2
66,18580,18590,2
75,18590,18600,2
74,18600,18610,2
72,18610,18620,2
70,18620,18630,2
81,18630,18640,2
79,18640,18650,2
78,18650,18660,2
79,18660,18690,2
77,18690,18700,2
75,18700,18710,2
77,18710,18720,2
74,18720,18730,2
75,18730,18740,2
73,18740,18780,2
74,18780,18820,2
72,18820,18860,2
70,18860,18900,2
69,18900,18920,2
73,18920,18940,2
74,18940,18960,2
76,18960,18980,2
77,18980,19020,2
74,19000,19060,2
76,19020,19100,2
73,19060,19100,2
74,19100,19160,2
70,19110,19120,2
67,19120,19130,2
69,19130,19140,2
65,19140,19160,2
77,19160,19180,2
79,19180,19200,2
74,19200,19220,2
73,19220,19240,2
74,19240,19260,2
76,19260,19280,2
74,19280,19300,2
73,19300,19320,2
74,19320,19340,2
76,19340,19360,2
74,19360,19380,2
73,19380,19400,2
74,19400,19420,2
76,19420,19440,2
79,19440,19460,2
77,19460,19480,2
74,19480,19500,2
70,19500,19520,2
76,19520,19540,2
74,19540,19560,2
74,19560,19580,2
73,19580,19620,2
74,19620,19640,2
76,19640,19660,2
77,19660,19680,2
76,19680,19700,2
77,19700,19720,2
73,19720,19740,2
74,19740,19760,2
73,19760,19780,2
74,19780,19800,2
76,19800,19820,2
77,19820,19840,2
76,19840,19860,2
77,19860,19880,2
79,19880,19900,2
81,19900,19910,2
79,19920,19930,2
77,19940,19950,2
76,19960,19970,2
74,19980,19990,2
73,20000,20010,2
74,20020,20030,2
76,20040,20050,2
77,20060,20070,2
76,20080,20090,2
77,20100,20110,2
79,20120,20130,2
81,20140,20150,2
76,20160,20170,2
77,20180,20190,2
79,20200,20210,2
81,20220,20260,2
76,20550,20560,2
74,20560,20570,2
73,20570,20580,2
74,20580,20600,2
62,20600,20660,2
76,20620,20630,2
79,20640,20650,2
82,20660,20670,2
79,20680,20690,2
77,20700,20720,2
76,20720,20740,2
74,20740,20760,2
77,20760,20770,2
74,20780,20790,2
70,20800,20810,2
67,20820,20830,2
70,20840,20850,2
69,20860,20900,2
72,20920,20960,2
62,20940,20950,2
70,20960,20980,2
79,21000,21020,2
75,21020,21030,2
77,21030,21040,2
74,21040,21050,2
75,21050,21060,2
72,21060,21070,2
70,21070,21080,2
69,21080,21090,2
67,21090,21100,2
69,21100,21140,2
54,21180,21190,2
55,21260,21270,2
55,21340,21350,2
57,21420,21430,2
57,21500,21510,2
57,21580,21590,2
58,21660,21670,2
60,21740,21750,2
60,21820,21830,2
62,21900,21920,2
74,21940,21960,2
72,21960,21980,2
70,21980,22020,2
72,22020,22040,2
74,22040,22060,2
75,22060,22100,2
77,22100,22120,2
79,22120,22140,2
81,22140,22180,2
77,22180,22200,2
75,22200,22220,2
74,22220,22230,2
75,22230,22240,2
74,22240,22250,2
72,22250,22260,2
70,22260,22270,2
72,22270,22280,2
70,22280,22290,2
69,22290,22300,2
67,22300,22310,2
72,22310,22320,2
70,22320,22330,2
69,22330,22340,2
67,22340,22350,2
69,22350,22360,2
67,22360,22370,2
66,22370,22380,2
67,22380,22390,2
65,22390,22400,2
64,22400,22410,2
62,22410,22420,2
61,22420,22440,2
64,22440,22460,2
65,22460,22470,2
67,22470,22480,2
69,22480,22490,2
71,22490,22500,2
73,22500,22510,2
74,22510,22520,2
76,22520,22530,2
77,22530,22540,2
79,22540,22560,2
77,22560,22570,2
76,22570,22580,2
74,22580,22600,2
73,22600,22620,2
74,22620,22640,2
76,22640,22660,2
77,22660,22680,2
79,22680,22700,2
81,22700,22720,2
73,22720,22740,2
74,22740,22760,2
76,22760,22780,2
77,22780,22800,2
76,22800,22820,2
77,22820,22840,2
74,22840,22860,2
76,22860,22880,2
74,22880,22900,2
74,22900,22920,2
73,22920,22940,2
74,22940,22960,2
77,22960,22980,2
76,22980,23020,2
72,23000,23020,2
74,23020,23091,2
74,23481,23486,2
76,23492,23612,2
74,23612,23732,2
71,23651,23732,2
74,23871,23891,2
72,23891,24043,2
64,23972,24043,2
67,24136,24139,2
73,24139,24143,2
73,24149,24153,2
74,24153,24156,2
74,24163,24167,2
71,24167,24170,2
71,24177,24180,2
72,24180,24184,2
72,24191,24194,2
69,24194,24197,2
69,24204,24208,2
70,24208,24211,2
70,24218,24221,2
70,24221,24225,2
70,24232,24235,2
69,24235,24239,2
69,24245,24256,2
62,24249,24263,2
67,24256,24269,2
64,24263,24269,2
65,24269,24276,2
64,24276,24290,2
62,24290,24339,2
58,24297,24304,2
57,24304,24339,2
