0,1,1
0.82652,3,1
3.8265,3,1
5.0433,0,1
8.0433,6,1
8.4897,5,1
11.49,6,1
13.124,2,1
16.124,6,1
16.781,4,1
19.781,4,1
20.637,6,1
23.637,1,1
24.336,3,1
27.336,4,1
27.84,5,1
30.84,7,1
31.98,2,1
34.98,4,1
35.346,5,1
38.346,2,1
38.659,3,1
41.659,1,1
42.879,6,1
45.879,0,1
46.241,7,1
49.241,6,1
50.593,3,1
53.593,0,1
54.281,2,1
57.281,2,1
58.388,5,1
61.388,7,1
62.363,1,1
65.363,1,1
66.953,5,1
69.953,3,1
71.678,7,1
74.678,0,1
75.162,7,1
0,5,2
0.7806,7,2
1.9844,4,2
4.9844,6,2
5.9117,4,2
6.7371,2,2
9.7371,3,2
10.964,6,2
12.639,2,2
15.639,0,2
17.213,4,2
17.526,3,2
20.526,5,2
22.265,1,2
23.46,6,2
26.46,7,2
27.277,5,2
28.013,3,2
31.013,1,2
32.159,6,2
33.051,4,2
36.051,4,2
36.673,6,2
37.824,3,2
40.824,5,2
41.302,4,2
42.612,1,2
45.612,0,2
46.504,6,2
46.881,5,2
49.881,3,2
50.377,4,2
50.889,5,2
53.889,4,2
54.289,5,2
55.523,0,2
58.523,4,2
59.566,7,2
60.712,2,2
63.712,0,2
65.324,4,2
66.085,2,2
69.085,4,2
70.335,1,2
70.657,2,2
73.657,4,2
74.002,5,2
75.55,1,2
78.55,3,2
80.277,7,2
81.451,2,2
84.451,3,2
85.336,5,2
86.624,2,2
89.624,6,2
90.015,5,2
90.919,3,2
93.919,1,2
94.622,3,2
94.957,2,2
0,2,3
0.82805,4,3
2.0765,7,3
2.7481,5,3
5.7481,4,3
6.8267,7,3
8.1953,2,3
8.5522,3,3
11.552,3,3
11.922,2,3
13.179,7,3
13.677,0,3
16.677,1,3
17.834,6,3
18.47,0,3
19.304,2,3
22.304,3,3
22.759,4,3
24.056,7,3
25.218,2,3
28.218,0,3
29.773,4,3
30.197,5,3
31.708,1,3
34.708,4,3
35.084,3,3
35.474,2,3
37.102,6,3
40.102,0,3
41.376,3,3
42.582,6,3
43.802,1,3
46.802,1,3
47.994,6,3
48.837,4,3
50.374,0,3
53.374,0,3
53.832,1,3
55.392,5,3
56.196,7,3
59.196,5,3
59.997,7,3
60.748,1,3
61.548,3,3
64.548,5,3
65.774,0,3
66.609,6,3
68.186,2,3
71.186,6,3
72.366,3,3
73.55,0,3
73.848,7,3
76.848,0,3
77.114,1,3
77.434,2,3
77.881,3,3
80.881,6,3
81.314,5,3
81.726,4,3
82.822,7,3
85.822,4,3
87.314,0,3
87.724,1,3
88.586,3,3
91.586,3,3
91.998,2,3
92.33,1,3
92.889,0,3
95.889,5,3
96.694,3,3
97.924,6,3
99.53,2,3
102.53,3,3
103.31,5,3
104.22,7,3
105.38,4,3
108.38,6,3
109.55,1,3
110.37,3,3
110.65,2,3
0,0,4
1.1175,3,4
1.9405,5,4
2.768,7,4
4.006,4,4
7.006,1,4
7.3272,2,4
8.4383,7,4
8.8687,6,4
9.6272,4,4
12.627,6,4
13.875,3,4
14.298,2,4
15.496,7,4
16.726,4,4
19.726,4,4
20.869,7,4
21.249,6,4
22.469,3,4
23.099,5,4
26.099,5,4
27.259,0,4
28.484,3,4
30.017,7,4
30.734,1,4
33.734,7,4
34.935,4,4
35.343,5,4
36.408,0,4
37.551,3,4
40.551,5,4
41.439,7,4
42.725,2,4
43.465,0,4
44.305,6,4
47.305,0,4
48.097,6,4
49.048,4,4
50.323,1,4
51.782,5,4
54.782,7,4
55.211,0,4
55.891,2,4
56.292,1,4
57.487,4,4
60.487,4,4
60.907,3,4
62.165,0,4
63.456,5,4
63.846,6,4
66.846,5,4
67.315,6,4
68.068,4,4
69.367,7,4
70.098,1,4
73.098,3,4
74.19,0,4
74.908,2,4
76.225,7,4
76.595,6,4
79.595,2,4
80.685,5,4
81.81,0,4
83.336,4,4
84.116,6,4
87.116,2,4
87.536,1,4
88.721,4,4
89.917,7,4
91.526,3,4
94.526,0,4
95.36,6,4
96.147,4,4
97.279,1,4
98.832,5,4
101.83,6,4
103.07,3,4
103.77,5,4
105.38,1,4
105.64,2,4
108.64,3,4
109.04,2,4
110.14,5,4
110.48,4,4
112.14,0,4
115.14,1,4
116.7,5,4
117.18,4,4
117.47,3,4
118.68,0,4
121.68,0,4
122.88,3,4
123.66,5,4
125.24,1,4
125.56,2,4
128.56,0,4
129.77,5,4
131.35,1,4
132.56,6,4
133.77,3,4
0,3,5
1.1358,6,5
1.5093,7,5
2.5161,2,5
3.4137,0,5
4.5774,5,5
7.5774,5,5
8.4897,3,5
9.3243,1,5
10.585,6,5
12.248,2,5
13.087,0,5
16.087,4,5
16.461,5,5
17.312,3,5
18.87,7,5
19.086,0,5
19.916,6,5
22.916,1,5
23.329,2,5
24.401,0,5
24.842,7,5
25.575,5,5
26.372,3,5
29.372,0,5
30.092,6,5
30.856,4,5
31.681,2,5
31.969,3,5
32.687,5,5
35.687,3,5
36.015,4,5
37.268,1,5
37.586,0,5
38.546,6,5
38.904,7,5
41.904,0,5
42.23,7,5
42.675,6,5
43.751,3,5
44.133,4,5
44.585,5,5
47.585,1,5
47.995,0,5
49.092,5,5
50.42,2,5
50.719,3,5
52.28,7,5
55.28,6,5
56.451,1,5
57.221,7,5
58.504,4,5
59.243,2,5
60.141,0,5
63.141,3,5
63.811,1,5
65.465,5,5
65.924,4,5
67.541,0,5
68.356,6,5
71.356,0,5
72.172,2,5
72.705,1,5
73.587,7,5
74.841,4,5
75.634,6,5
78.634,5,5
79.533,3,5
79.973,2,5
81.274,7,5
82.531,4,5
83.311,6,5
86.311,4,5
87.321,7,5
88.869,3,5
89.675,5,5
91.032,2,5
92.626,6,5
95.626,3,5
96.867,6,5
97.17,7,5
97.878,1,5
98.979,4,5
99.425,5,5
102.42,0,5
102.79,7,5
103.13,6,5
103.89,4,5
104.72,2,5
105.99,5,5
108.99,3,5
110.23,0,5
110.72,1,5
112.36,5,5
112.89,4,5
114.07,7,5
117.07,6,5
118.65,2,5
119.79,7,5
120.06,0,5
121.68,4,5
122.02,3,5
125.02,0,5
126.52,4,5
127.38,2,5
128.69,5,5
130.18,1,5
131.4,6,5
134.4,3,5
134.77,4,5
135.86,1,5
137.51,5,5
138.74,2,5
140.17,6,5
143.17,4,5
143.63,5,5
144.51,3,5
146.07,7,5
146.6,6,5
147.88,1,5
0,3,6
1.2161,0,6
2.1098,2,6
3.2463,7,6
4.0848,1,6
5.3793,6,6
5.6808,5,6
8.6808,1,6
9.9899,6,6
10.775,4,6
11.093,3,6
11.425,2,6
12.645,7,6
13.412,5,6
16.412,1,6
17.255,7,6
18.917,3,6
19.819,5,6
20.204,6,6
21.028,4,6
21.832,2,6
24.832,7,6
25.164,0,6
25.907,6,6
27.583,2,6
27.964,3,6
28.825,1,6
30.067,4,6
33.067,1,6
33.954,3,6
34.783,5,6
35.987,0,6
36.878,6,6
37.641,4,6
38.937,7,6
41.937,7,6
42.586,5,6
43.588,3,6
43.903,4,6
45.473,0,6
45.699,1,6
46.191,2,6
49.191,6,6
49.864,0,6
51.059,3,6
51.718,1,6
52.148,2,6
53.287,7,6
54.443,4,6
57.443,3,6
57.975,4,6
58.377,5,6
59.938,1,6
60.26,2,6
61.093,0,6
61.907,6,6
64.907,2,6
66.104,7,6
67.013,5,6
67.359,4,6
68.168,6,6
69.282,1,6
69.662,0,6
72.662,0,6
73.816,5,6
74.78,3,6
75.968,6,6
77.082,1,6
78.264,4,6
79.402,7,6
82.402,3,6
83.515,0,6
85.164,4,6
86.365,7,6
87.295,1,6
88.431,6,6
88.704,5,6
91.704,2,6
92.905,5,6
93.675,3,6
95.309,7,6
96.436,4,6
98.093,0,6
98.498,1,6
101.5,0,6
101.74,1,6
102.85,6,6
104.55,2,6
104.89,3,6
105.42,4,6
106.35,7,6
109.35,6,6
110.17,4,6
111.05,2,6
112.31,7,6
113.16,1,6
114.09,3,6
115.2,0,6
118.2,4,6
118.74,3,6
120.05,6,6
121.31,1,6
122.88,5,6
123.59,7,6
124.63,2,6
127.63,5,6
128.81,2,6
129.47,0,6
130.79,3,6
131.22,4,6
132.36,1,6
133.2,7,6
136.2,0,6
137.34,5,6
138.53,2,6
139.28,4,6
140.47,7,6
142.03,3,6
143.28,6,6
146.28,4,6
146.57,3,6
147.25,5,6
148.51,2,6
149.35,0,6
149.82,1,6
150.88,6,6
153.88,3,6
155.41,7,6
156.7,2,6
157.19,1,6
158.94,5,6
160.05,0,6
160.82,6,6
163.82,3,6
164.3,2,6
165.9,6,6
166.21,7,6
166.97,5,6
168.67,1,6
169.85,4,6
0,1,7
0.75607,3,7
1.929,0,7
3.2271,5,7
4.0386,7,7
4.3673,6,7
5.8861,2,7
6.7621,4,7
9.7621,5,7
10.933,2,7
11.629,0,7
12.022,1,7
12.828,3,7
14.386,7,7
15.505,4,7
16.242,6,7
19.242,3,7
20.193,1,7
21.459,6,7
23.084,2,7
24.079,4,7
25.718,0,7
26.276,7,7
26.958,5,7
29.958,7,7
30.411,6,7
31.639,1,7
32.42,3,7
32.678,4,7
34.267,0,7
35.562,5,7
36.748,2,7
39.748,2,7
41.408,6,7
42.661,1,7
43.565,3,7
45.187,7,7
46.016,5,7
47.139,0,7
48.623,4,7
51.623,0,7
53.207,4,7
54.249,1,7
55.025,3,7
55.474,2,7
56.715,5,7
57.143,6,7
57.623,7,7
60.623,4,7
61.032,5,7
62.12,0,7
63.26,3,7
64.475,6,7
66.127,2,7
67.378,7,7
68.032,1,7
71.032,7,7
71.793,5,7
73.023,0,7
74.538,4,7
75.253,6,7
76.422,1,7
76.806,2,7
77.252,3,7
80.252,0,7
80.696,7,7
81.823,4,7
82.582,6,7
83.853,1,7
84.142,2,7
84.683,3,7
85.465,5,7
88.465,3,7
89.276,1,7
89.654,0,7
89.992,7,7
90.775,5,7
92.061,2,7
93.701,6,7
94.351,4,7
97.351,5,7
98.523,0,7
98.766,7,7
100.49,3,7
101.3,1,7
102.59,6,7
103.45,4,7
104.21,2,7
107.21,5,7
107.65,6,7
109.33,2,7
109.74,1,7
110.38,3,7
111.9,7,7
113.22,4,7
114.81,0,7
117.81,6,7
118.54,4,7
118.88,5,7
120.08,2,7
120.42,3,7
121.22,1,7
122.1,7,7
122.59,0,7
125.59,2,7
126.01,1,7
127.59,5,7
128.77,0,7
129.99,3,7
130.45,4,7
131.26,6,7
131.62,7,7
134.62,6,7
136.21,2,7
137.1,4,7
138.33,1,7
139.91,5,7
141.1,0,7
142.26,3,7
143.82,7,7
146.82,5,7
147.23,6,7
148.48,1,7
149.22,7,7
150.41,2,7
151.14,0,7
152.47,3,7
152.89,4,7
155.89,4,7
156.7,2,7
158.4,6,7
158.79,5,7
160.48,1,7
161.24,7,7
161.7,0,7
162.93,3,7
165.93,5,7
166.27,4,7
166.99,2,7
167.32,1,7
168.17,7,7
169.77,3,7
171.01,0,7
171.74,6,7
174.74,4,7
175.37,2,7
176.19,0,7
176.45,1,7
177.29,7,7
178.2,5,7
178.68,6,7
179.87,3,7
182.87,6,7
183.55,0,7
184,7,7
184.66,1,7
185.1,2,7
185.42,3,7
185.76,4,7
186.14,5,7
